
Reaction test v3
type	A+B+C
number	1000

max value	65536
unit	us

test	A	B	C
0	18	6	26
1	14175	7	3
2	5	25	17
3	17	7	25
4	16	5	40
5	6	24	16
6	17	5	25
7	24	14	4
8	5	15	25
9	25	15	5
10	24	5	19
11	3	8	5013
12	23	3	14
13	27	17	7
14	7	17	27
15	3	5994	3
16	25	16	6
17	5	17	25
18	5	17	25
19	20589	7	3
20	25	5	17
21	5	25	15
22	3	23	15
23	3	7312	3
24	429	417	450
25	13	23	3
26	17	27	7
27	15	3	23
28	25	17	5
29	3	15	23
30	3	13334	7
31	23	15	5
32	489	509	501
33	7	3	6207
34	3	15	23
35	17	7	25
36	15	3	23
37	5817	3	3
38	25	15	5
39	5	17	25
40	14	24	4
41	5	25	17
42	3	7	19507
43	25	5	17
44	4	23	14
45	3	3	13
46	15	23	3
47	25	7	17
48	7	17	25
49	15	5	25
50	17	25	5
51	4	14	24
52	25	17	7
53	23	3	15
54	23	3	15
55	3	21017	7
56	15	23	3
57	5	17	25
58	14	3	23
59	13	3	23
60	25	5	15
61	3	23	13
62	7	3	12621
63	27	7	19
64	25	17	7
65	25	15	5
66	5	25	15
67	16	5	25
68	15	3	23
69	13	3	23
70	17	7	27
71	5	25	17
72	17	27	7
73	17	5	25
74	15	5	25
75	26	16	6
76	3	33	13
77	15	3	23
78	17	25	5
79	3	3	19160
80	5	17	25
81	17	5	25
82	17184	7	3
83	17	25	5
84	20	5	32
85	3	13	23
86	5	27	17
87	24	16	4
88	15	25	5
89	5	23	15
90	15	23	3
91	5	25	17
92	16	24	4
93	3	15	23
94	5	15	25
95	15	5	25
96	5	17	25
97	3	23	15
98	17	25	5
99	3	13	23
100	15	25	5
101	27	17	7
102	23	3	15
103	5	25	15
104	14	23	4
105	13	23	3
106	8	3	11682
107	17	25	7
108	23	15	3
109	15	3	23
110	17	7	25
111	3	6499	3
112	15	25	5
113	23	3	15
114	15	3	23
115	25	15	5
116	3	23	15
117	17	7	25
118	5	25	15
119	25	7	17
120	15	5	25
121	14	3	23
122	5	17	25
123	25	17	7
124	23	3	15
125	3	23	15
126	3	14	23
127	15	23	3
128	22855	3	8
129	17	7	25
130	5	25	17
131	15	3	23
132	5	25	17
133	3	15	23
134	15	23	5
135	3	13	21
136	11	23	3
137	3	15	23
138	3	15	23
139	17	5	25
140	491	499	481
141	16	5	25
142	89	109	99
143	14	4	24
144	3	8494	3
145	17	5	25
146	3	23	15
147	23	15	5
148	25	17	7
149	5	25	17
150	3	3	16947
151	25	5	15
152	7	3	9912
153	23	3	15
154	5	25	15
155	7	3	3374
156	3	15834	7
157	5	16	25
158	5	17	25
159	25	15	5
160	3	9427	8
161	4	14	24
162	13	23	3
163	16	4	24
164	5	15	25
165	14	3	24
166	5	25	17
167	15	3	23
168	15146	3	7
169	15	25	5
170	3	23	14
171	3	3	14
172	5	25	17
173	3	23	15
174	15	25	5
175	16	4	24
176	6	16	26
177	3	15	25
178	23	15	3
179	3	23	15
180	15	5	25
181	25	15	5
182	14	24	4
183	23	3	15
184	3	18793	8
185	15	23	3
186	25	3	15
187	3	23	15
188	11	21	29
189	4	24	16
190	16	4	24
191	7	3	7588
192	15	3	23
193	15	23	3
194	23	13	3
195	3	8	11141
196	17	5	25
197	5	25	15
198	5	23	15
199	18712	3	2329
200	5	25	17
201	15	23	3
202	25	5	17
203	23	3	15
204	16	4	24
205	25	5	15
206	4	16	24
207	5	25	15
208	17	27	7
209	23	3	13
210	27	17	7
211	3	23	15
212	16	5	25
213	5	15	23
214	8060	7	3
215	25	15	5
216	4	24	14
217	3	7	8170
218	4	16	26
219	25	17	5
220	3	15282	8
221	5	25	17
222	6273	3	8
223	3	13	23
224	3	11132	8
225	3	13	23
226	3	15	23
227	27	7	17
228	5	17	25
229	5	17	36
230	3	16008	3
231	15	5	25
232	13	3	23
233	16839	3	7
234	25	15	5
235	3	5175	7
236	25	5	15
237	23	15	3
238	7	16125	3
239	16	5	25
240	15	25	5
241	7	27	19
242	5	25	17
243	3	15	23
244	23	15	3
245	24	35	44
246	23	15	5
247	7	25	17
248	25	17	5
249	23	15	5
250	25	5	17
251	16	6	24
252	15	23	5
253	15	3	23
254	15	25	5
255	13	23	3
256	3	23	15
257	25	5	17
258	15	3	23
259	3	13783	3
260	15	3	25
261	25	15	5
262	3	15	25
263	212	202	235
264	5	17	25
265	3	15	23
266	25	17	5
267	3	8434	3
268	3	15	23
269	3	14	23
270	3	18	8
271	3	23	15
272	25	17	5
273	3	18806	3
274	25	5	15
275	3	15	25
276	5	17	27
277	3	23	15
278	21	3	17
279	15	3	25
280	25	17	5
281	15	23	5
282	17	7	27
283	17	25	5
284	23	3	15
285	23	3	13
286	3	3198	7
287	15	3	23
288	25	15	5
289	25	17	5
290	3	23	15
291	3	15	23
292	5	25	16
293	5	25	15
294	16	6	26
295	15	3	23
296	15	23	3
297	5	15	25
298	23	13	3
299	25	5	17
300	3	23	15
301	23	15	3
302	3	15	23
303	5	25	16
304	3	15	23
305	25	16	5
306	5	25	17
307	23	3	15
308	15594	3	7
309	5	17	25
310	17	7	27
311	27	17	7
312	15	3	23
313	23	3	15
314	7	3	15626
315	23	3	15
316	25	5	17
317	25	5	17
318	5	25	17
319	25	17	5
320	13	3	23
321	27	7	17
322	15	3	23
323	14	23	3
324	3	15	23
325	24	16	4
326	5	15	25
327	17	5	25
328	17	5	25
329	5	25	15
330	3	23	15
331	23	3	15
332	25	17	7
333	24	16	4
334	17	25	5
335	23	3	15
336	25	15	5
337	26	16	6
338	23	3	15
339	24	16	4
340	23	15	3
341	25	17	7
342	5	17	25
343	3	23	15
344	17	5	27
345	5	25	17
346	23	13	3
347	24	33	14
348	3	15	23
349	5	2879	16
350	17	25	5
351	4	24	16
352	29	9	20
353	3	15	25
354	23	15	5
355	14	4	24
356	23	13	3
357	5	17	25
358	13	3	23
359	15	23	3
360	3	3	16683
361	17	27	7
362	13	3	23
363	8	18	3
364	4	16	24
365	5	15	25
366	7	17	25
367	5	15	25
368	25	5	17
369	7	3	2261
370	3	21261	8
371	337	368	349
372	17	5	25
373	17	7	27
374	17	5	25
375	23	15	3
376	25	5	17
377	15	25	7
378	15	5	25
379	23	13	3
380	3	7	2302
381	5	25	15
382	5	15	25
383	17	5	25
384	7	3	6731
385	2822	2830	2810
386	3	15	23
387	4	24	16
388	17	5	27
389	15	25	5
390	15	23	3
391	24	4	16
392	15	25	5
393	3	23	13
394	17	7	30
395	16	25	6
396	7	3	10882
397	15	25	5
398	15	23	5
399	27	17	7
400	3	23	15
401	15	5	25
402	16	25	5
403	25	5	15
404	5	25	17
405	25	17	5
406	3	15	23
407	13	3	23
408	25	17	5
409	7	27	19
410	23	13	3
411	17	7	27
412	5	25	15
413	3	7	12251
414	23	3	15
415	3	14841	8
416	13	23	3
417	15	23	3
418	5	17	27
419	17	5	25
420	5	23	15
421	3	23	15
422	5	17	25
423	23	15	5
424	5	17	25
425	27	17	7
426	5	15	25
427	23	3	15
428	3	23	14
429	4	16	24
430	15	23	5
431	900	920	912
432	23	5	15
433	23	15	3
434	3	3056	1135
435	5	15	25
436	3	15	23
437	13	23	3
438	16	25	5
439	13	5	23
440	13	23	3
441	25	5	15
442	3	7	15380
443	3	13	23
444	3	23	13
445	15	5	25
446	14653	3	7
447	3	15	23
448	25	16	5
449	15	3	23
450	3	10242	3
451	17	25	5
452	13	15984	3
453	25	5	17
454	3	3	15151
455	25	15	5
456	3	9455	7
457	25	5	17
458	25	15	5
459	3	15	23
460	3	6970	7
461	14	23	3
462	15	3	23
463	13	3	23
464	16	5	25
465	11018	3	8
466	25	5	17
467	25	15	5
468	5	25	17
469	3	15	23
470	5	25	15
471	5	25	17
472	23	3	15
473	439	458	427
474	13	23	3
475	7	3	6289
476	5	17	25
477	23	15	3
478	25	15	5
479	5	15	25
480	3	7227	3
481	23	15	3
482	23	13	3
483	24	4	14
484	7	25	17
485	25	5	17
486	3	251	7730
487	25	5	15
488	3	15	25
489	23	15	3
490	5	15	27
491	3	15	23
492	5	17	25
493	25	15	5
494	3	12626	3
495	23	3	15
496	16	24	4
497	4	24	16
498	26	5	16
499	3	3	6762
500	16	5	25
501	25	15	5
502	1513	1503	1523
503	16	24	4
504	5	17	25
505	7	15545	3
506	17	25	5
507	46	36	26
508	23	15	3
509	17	5	25
510	10888	3	7
511	23	15	3
512	25	17	5
513	15	23	3
514	25	17	5
515	3	8	20081
516	25	5	17
517	17	25	5
518	16517	3	8
519	17	5	25
520	25	5	17
521	23	3	15
522	3	7	14201
523	5	25	15
524	3	23	15
525	5	15	25
526	15	23	5
527	8	16	3
528	23	15	5
529	3	6260	7
530	3	15	23
531	17825	7	3
532	5	15	25
533	23	15	5
534	25	17	5
535	23	5	13
536	3	3	9443
537	6	26	16
538	24	4	16
539	23	15	3
540	3	7	10961
541	15	5	25
542	7	15575	3
543	23	15	3
544	3	15	23
545	5	25	17
546	23	3	14
547	24	4	16
548	5	25	17
549	3	3	9976
550	25	17	5
551	3	16	8
552	5	15	25
553	25	17	5
554	23	3	15
555	5	17	25
556	3	15	23
557	17	5	25
558	23	13	3
559	25	5	17
560	23	5	15
561	8919	3	8
562	5	25	17
563	27	7	19
564	625	617	607
565	5	25	15
566	5	17	27
567	5	25	15
568	25	5	15
569	15	3	23
570	15	25	5
571	4	24	16
572	15	23	3
573	25	5	17
574	25	5	15
575	27	17	5
576	3	15360	8
577	5	17	25
578	4	16	24
579	5	16	26
580	25	17	7
581	25	15	5
582	3	23	15
583	25	5	17
584	23	15	3
585	3	16925	7
586	15	5	23
587	15	5	25
588	3	14	23
589	5	25	17
590	3	7	7783
591	3	15	23
592	3	3	5727
593	5	25	15
594	3	13	22
595	25	15	5
596	7	17	27
597	25	17	5
598	7	25	17
599	13	3	23
600	660	702	670
601	23	3	15
602	15	3	23
603	23	15	3
604	25	17	7
605	27	17	7
606	23	3	15
607	25	16	5
608	3	15	25
609	25	15	5
610	25	17	7
611	6	24	16
612	15	3	23
613	23	15	3
614	3	6286	3
615	3	23	13
616	23	15	5
617	5	17	25
618	15	3	23
619	25	17	7
620	3	3	15064
621	5	15	25
622	27	17	7
623	5	15	25
624	3573	7	3
625	3	25	15
626	23	3	15
627	17	7	27
628	3	23	13
629	25	5	17
630	7	25	17
631	8165	3	8
632	25	17	7
633	25	5	15
634	23	3	15
635	25	17	5
636	150	138	160
637	15	3	23
638	17	5	25
639	13	3	23
640	16	6	26
641	3	15	23
642	25	5	16
643	3	959	7
644	8638	3	3
645	24	14	4
646	15	23	3
647	13	3	23
648	3	19321	3
649	5	25	16
650	1867	3	7
651	7	14371	3
652	15	25	5
653	23	15	3
654	25	5	15
655	17	5	25
656	3	5146	3
657	23	3	15
658	3	23	15
659	25	3	15
660	15	25	5
661	17	7	27
662	15	25	5
663	12592	7	3
664	6	24	14
665	25	5	17
666	5	15	25
667	5	17	25
668	23	13	3
669	3	7	10440
670	13	23	3
671	17	5	27
672	25	5	17
673	5	17	25
674	14	24	4
675	15	3	23
676	13	23	3
677	17	25	5
678	9406	7	3
679	25	17	7
680	34	4	14
681	5	17	27
682	5	16	25
683	15	3	23
684	24	4	16
685	6	16	25
686	3	16768	7
687	15	3	23
688	15	3	23
689	17	7	27
690	17	7	27
691	3	23	15
692	25	17	7
693	13	23	3
694	15	3	25
695	23	13	3
696	417	395	383
697	5	25	17
698	5	25	17
699	17	25	7
700	7	3	1675
701	5	17	25
702	25	5	17
703	3	4688	3
704	23	13	3
705	25	15	3
706	23	15	5
707	14	4	24
708	24	16	6
709	3	13	23
710	3	15461	3
711	25	15	5
712	23	3	15
713	23	3	15
714	15	23	5
715	3	3	13
716	15	23	3
717	15	23	3
718	24	4	16
719	25	5	17
720	23	3	15
721	3	23	13
722	23	15	5
723	19	38	7
724	17	5	25
725	5	25	15
726	17	25	5
727	23	15	3
728	5	25	17
729	3	13	23
730	27	5	17
731	24	4	16
732	590	621	602
733	3	23	15
734	3	3	18526
735	25	17	5
736	5	17	25
737	20470	8	3
738	82	92	102
739	25	17	5
740	13	23	3
741	15	25	5
742	3	15	23
743	38	18	28
744	25	5	17
745	3	13	23
746	3	10516	3
747	55	33	45
748	15	25	5
749	23	15	3
750	17	7	27
751	17	5	27
752	15	5	25
753	14	4	24
754	5	25	17
755	5	25	17
756	13	3	23
757	15	5	25
758	17	5	25
759	16	25	6
760	5	25	17
761	8	3	16975
762	23	3	15
763	3	3	12567
764	16	6	26
765	134	163	144
766	5	25	17
767	3	23	15
768	14	4	23
769	5	15	57
770	3	14	3
771	5	25	17
772	6006	3	8
773	17	7	25
774	25	15	5
775	5	25	15
776	3	11887	3
777	5	25	17
778	3	15022	3
779	16	4	24
780	23	15	3
781	3	23	15
782	4	16	24
783	5	23	15
784	27	7	19
785	22	27	10
786	15	23	5
787	16	3	8
788	13	23	3
789	15	23	3
790	5	17	25
791	3	11603	8
792	24	14	4
793	5	25	16
794	3	3	17279
795	23	15	3
796	17	25	5
797	5	25	17
798	383	374	364
799	13	23	3
800	3	3	17234
801	25	17	5
802	25	5	17
803	17	5	25
804	5	17	27
805	38	28	18
806	3	8	12437
807	3	23	15
808	25	17	5
809	14	4	24
810	15	3	23
811	13	23	3
812	16	6	24
813	8962	3	7
814	4	16	24
815	8	10894	3
816	17	25	5
817	17	25	5
818	22159	3	8
819	3	13	23
820	79	69	59
821	448	438	469
822	3	23	15
823	4	16	24
824	25	5	17
825	8	3	16870
826	3	15	23
827	25	17	7
828	17	25	5
829	7	17304	3
830	26	5	20
831	7	3	11268
832	15	3	23
833	17	27	7
834	3	14	23
835	27	17	7
836	6	16	26
837	91	71	81
838	17	5	782
839	3	23	15
840	23	14	4
841	24	16	4
842	3172	3162	3152
843	25	5	17
844	25	7	17
845	23	3	15
846	16157	3	4776
847	23	15	5
848	3	7	19355
849	17	25	5
850	17	5	25
851	3	15	23
852	27	7	17
853	8	3	10933
854	27	17	7
855	27	17	7
856	8	6303	3
857	718	697	687
858	23	15	3
859	25	5	15
860	25	5	17
861	25	5	17
862	27	17	7
863	3	15	23
864	5	15	25
865	17	5	25
866	6	26	16
867	15	3	23
868	25	17	5
869	25	5	17
870	15	3	25
871	15	5	25
872	23	4	14
873	17	27	7
874	15	3	23
875	5	17	25
876	24	14	4
877	5	17	25
878	14465	7	3
879	15	25	5
880	24	16	4
881	5	15	25
882	8	16872	3
883	15	23	3
884	5	38	50
885	16404	7	3
886	25	17	5
887	24	4	16
888	3	15	23
889	4	16	24
890	5	17	25
891	13	23	3
892	5	25	17
893	7	17	27
894	3	23	15
895	3	3	12212
896	3	15	23
897	15	3	23
898	23	13	3
899	3	23	15
900	7	27	17
901	23	15	3
902	3	13	23
903	23	13	3
904	17	27	7
905	15	3	23
906	23	13	3
907	7	11623	3
908	15	23	3
909	17	25	5
910	15	25	5
911	15391	3	3
912	23	4	14
913	15	5	38
914	3	23	15
915	17	5	25
916	14437	3	7
917	3	13	23
918	8611	3	3
919	23	3	13
920	25	7	17
921	3	3	11831
922	13	3	23
923	5	27	17
924	3	3	11757
925	6	26	16
926	15	23	3
927	5	16	25
928	13	23	3
929	23	14	3
930	521	511	531
931	23	15	3
932	3	2852	18232
933	23	3	15
934	3	15	23
935	3	17415	7
936	3	15	23
937	5	15	25
938	5	23	15
939	3	23	15
940	25	17	5
941	29	9	21
942	5	15	27
943	40	5	48
944	7	17070	3
945	5	17	25
946	3	23	15
947	3	15	23
948	7	20702	3
949	15	25	5
950	16	5	25
951	3	23	15
952	17	5	27
953	25	17	5
954	3	23	15
955	3	6228	7
956	15	5	25
957	10281	3	10293
958	14	23	3
959	9932	8	3
960	15	25	5
961	16	25	5
962	25	5	15
963	25	5	17
964	980	968	988
965	26	16	5
966	5	25	15
967	78	98	90
968	7	15	25
969	23	13	3
970	3	13	23
971	3	9531	8
972	23	15	3
973	3	23	15
974	1632	3	7
975	7	14897	3
976	15	25	5
977	7	17	27
978	23	4	14
979	3	17871	8
980	23	15	3
981	15	25	5
982	14536	7	3
983	15	23	5
984	15	23	3
985	25	5	16
986	3	9715	7
987	27	17	7
988	25	5	17
989	3	15	23
990	3	7113	3
991	15	25	5
992	17	5	25
993	13	23	3
994	15	5	25
995	25	15	7
996	27	7	17
997	3	23	13
998	3	8	9069
999	25	5	16
