
Reaction test v3
type	A+B+C
number	1000

max value	65536
unit	us

test	A	B	C
0	575	583	563
1	147	157	167
2	933	943	951
3	859	879	871
4	365	375	385
5	342	322	334
6	226	246	238
7	580	590	600
8	463	472	440
9	237	217	229
10	1072	1049	1082
11	476	484	466
12	386	396	406
13	777	797	789
14	327	319	307
15	833	821	843
16	831	811	823
17	602	622	613
18	213	223	231
19	472	449	480
20	134	146	154
21	287	275	295
22	57	75	67
23	189	201	209
24	784	776	766
25	648	658	668
26	965	975	985
27	904	884	894
28	910	922	930
29	283	291	273
30	209	199	219
31	660	680	671
32	1000	990	7
33	3220	3198	3210
34	869	889	881
35	570	562	552
36	815	803	823
37	29	49	39
38	682	702	693
39	943	931	951
40	125	145	135
41	576	558	568
42	109	99	89
43	311	301	291
44	739	759	751
45	286	298	306
46	283	336	273
47	394	382	402
48	779	769	789
49	25	33	13
50	200	212	220
51	96	84	104
52	8	18	28
53	665	675	683
54	495	487	475
55	24	34	44
56	886	876	896
57	918	909	898
58	57	38	48
59	386	376	396
60	576	566	586
61	264	276	284
62	331	321	311
63	275	285	293
64	2387	2397	2363
65	391	411	403
66	705	685	695
67	304	286	296
68	540	548	528
69	329	319	309
70	500	488	508
71	232	242	222
72	316	306	324
73	923	903	915
74	286	304	296
75	2430	2477	2420
76	385	365	375
77	800	790	780
78	798	840	821
79	422	432	440
80	700	679	694
81	187	195	175
82	92	84	72
83	418	408	428
84	352	342	360
85	893	881	901
86	809	819	829
87	908	918	927
88	196	188	176
89	697	687	707
90	942	954	962
91	271	261	251
92	801	793	781
93	982	1002	992
94	372	392	382
95	401	421	411
96	212	192	204
97	946	966	958
98	1000	1023	1033
99	410	422	430
100	286	276	296
101	189	207	199
102	454	444	464
103	614	626	634
104	323	303	313
105	562	572	580
106	426	418	408
107	41	53	61
108	265	257	245
109	635	653	645
110	916	926	936
111	340	320	332
112	906	914	894
113	694	686	674
114	906	898	886
115	895	875	885
116	953	945	935
117	675	657	667
118	243	262	253
119	746	756	768
120	698	688	708
121	318	307	327
122	154	134	144
123	964	944	956
124	918	900	910
125	670	680	690
126	669	657	677
127	584	602	594
128	795	803	785
129	388	376	396
130	604	592	612
131	263	243	255
132	976	986	994
133	648	658	668
134	193	201	183
135	167	159	149
136	621	613	603
137	844	824	836
138	230	248	240
139	360	350	370
140	304	294	284
141	29	49	41
142	643	655	663
143	525	515	533
144	415	425	434
145	46	26	36
146	555	537	547
147	569	549	561
148	706	726	718
149	568	578	588
150	212	194	204
151	590	600	610
152	792	782	802
153	663	674	683
154	815	833	825
155	816	808	798
156	732	720	740
157	307	295	315
158	651	631	643
159	616	626	634
160	831	841	851
161	849	839	857
162	473	463	453
163	548	540	530
164	782	772	792
165	216	208	196
166	679	699	691
167	411	401	391
168	946	966	958
169	876	886	864
170	702	682	692
171	961	952	941
172	221	229	209
173	166	178	186
174	480	488	470
175	842	832	850
176	753	765	773
177	722	710	730
178	13	3	23
179	667	655	675
180	798	818	810
181	263	283	275
182	743	753	761
183	992	982	1002
184	463	471	453
185	546	556	566
186	402	412	421
187	3587	3575	3632
188	737	717	729
189	61	43	53
190	750	740	758
191	68	60	50
192	290	310	302
193	26	34	14
194	548	540	530
195	374	394	386
196	586	574	594
197	217	207	225
198	480	468	488
199	331	311	323
200	787	797	805
201	955	945	965
202	456	436	448
203	96	84	104
204	297	289	277
205	657	639	649
206	326	306	316
207	711	723	731
208	110	100	118
209	167	155	175
210	209	199	189
211	283	273	263
212	634	614	626
213	67	77	87
214	40	52	60
215	475	463	483
216	994	5	15
217	424	414	434
218	848	858	868
219	216	196	206
220	782	802	793
221	643	633	653
222	393	383	403
223	836	846	854
224	849	861	871
225	630	618	638
226	264	276	284
227	211	231	221
228	646	654	634
229	794	804	814
230	124	114	132
231	913	924	933
232	689	701	709
233	397	405	387
234	498	518	508
235	998	1006	988
236	420	438	430
237	680	698	690
238	856	845	865
239	890	910	902
240	976	988	998
241	341	329	349
242	131	139	121
243	990	978	998
244	108	119	128
245	879	897	889
246	1008	988	1000
247	543	553	561
248	236	269	259
249	591	571	581
250	52	64	72
251	248	256	236
252	519	529	537
253	603	613	622
254	962	954	944
255	7	1287	1276
256	604	614	592
257	242	234	222
258	639	628	648
259	1555	1565	1543
260	850	868	860
261	27	17	7
262	572	582	592
263	505	485	497
264	551	571	563
265	52	72	62
266	748	737	757
267	879	889	899
268	116	126	134
269	105	97	85
270	252	242	232
271	136	127	117
272	177	165	185
273	777	789	797
274	366	374	354
275	292	312	302
276	659	641	651
277	980	1000	992
278	453	445	433
279	759	749	769
280	558	568	578
281	540	532	520
282	165	175	185
283	826	836	846
284	817	807	827
285	97	85	105
286	346	356	366
287	1055	1045	1033
288	177	157	169
289	522	512	530
290	534	545	554
291	267	257	247
292	885	873	893
293	913	901	921
294	142	132	152
295	712	732	724
296	108	126	118
297	740	758	750
298	787	807	797
299	1140	1132	1120
300	826	844	836
301	845	865	855
302	855	843	863
303	196	186	206
304	259	239	249
305	2142	2132	2122
306	1239	1272	1262
307	890	879	899
308	348	368	360
309	376	386	396
310	971	963	951
311	500	512	520
312	463	484	438
313	653	673	665
314	106	116	126
315	668	648	660
316	520	512	502
317	610	628	620
318	586	606	598
319	102	122	114
320	391	403	411
321	730	742	750
322	203	195	183
323	413	405	395
324	118	110	98
325	918	938	930
326	756	776	768
327	863	873	881
328	680	690	700
329	717	707	727
330	676	688	696
331	163	151	171
332	163	171	153
333	600	618	610
334	275	285	295
335	606	626	616
336	850	842	832
337	442	462	452
338	998	19	9
339	323	311	331
340	172	190	182
341	221	229	209
342	577	597	589
343	778	786	768
344	600	618	610
345	934	926	916
346	751	763	773
347	1839	1818	1829
348	663	654	644
349	537	529	519
350	628	618	638
351	134	124	112
352	770	762	750
353	799	789	777
354	173	161	181
355	711	701	721
356	7	997	17
357	151	171	163
358	317	297	309
359	492	510	502
360	811	831	823
361	837	827	817
362	483	493	503
363	88	78	96
364	860	880	872
365	744	734	754
366	911	931	921
367	508	517	497
368	954	962	931
369	228	218	208
370	611	629	621
371	882	894	902
372	554	545	535
373	483	473	493
374	52	994	1012
375	787	797	807
376	575	593	585
377	563	551	571
378	824	836	844
379	541	533	523
380	168	178	186
381	492	502	511
382	930	918	938
383	798	808	818
384	649	639	659
385	359	371	379
386	332	324	314
387	394	404	384
388	705	695	715
389	856	844	864
390	17	995	7
391	421	401	413
392	158	140	150
393	45	55	35
394	848	866	858
395	951	959	939
396	385	365	377
397	387	407	397
398	338	328	316
399	372	362	338
400	731	721	741
401	202	222	213
402	178	188	198
403	431	439	421
404	792	812	804
405	620	640	632
406	13	21	3
407	749	761	769
408	302	294	282
409	676	666	656
410	915	895	907
411	970	990	982
412	617	605	625
413	443	422	433
414	434	444	454
415	832	850	842
416	252	244	234
417	764	782	774
418	94	86	74
419	45	55	35
420	1018	995	1026
421	705	695	715
422	224	236	244
423	114	126	134
424	1004	992	8
425	35	53	45
426	111	101	91
427	691	709	701
428	321	301	311
429	144	156	164
430	592	583	573
431	826	846	838
432	847	838	828
433	843	853	861
434	29	49	41
435	102	82	94
436	555	547	535
437	103	95	85
438	573	554	564
439	55	65	75
440	152	132	144
441	805	823	815
442	689	699	707
443	28	16	38
444	121	131	139
445	30	20	38
446	716	724	704
447	144	164	154
448	77	67	57
449	425	435	445
450	379	369	387
451	317	309	297
452	307	319	327
453	15	23	5
454	637	627	647
455	550	530	542
456	127	117	135
457	611	621	631
458	2138	2118	2130
459	877	887	867
460	884	904	894
461	747	735	755
462	870	858	878
463	255	237	247
464	364	344	356
465	153	163	173
466	272	262	252
467	622	642	632
468	55	65	75
469	154	164	173
470	105	115	123
471	256	236	246
472	27	47	39
473	194	206	214
474	625	615	635
475	757	777	769
476	65	85	77
477	597	617	609
478	738	750	758
479	199	209	189
480	695	685	703
481	347	357	335
482	314	294	306
483	236	256	246
484	743	723	733
485	647	655	635
486	967	957	977
487	2065	2077	2123
488	167	177	187
489	445	465	457
490	804	814	822
491	762	782	774
492	317	297	309
493	643	633	653
494	351	331	341
495	419	439	431
496	515	525	505
497	378	388	398
498	134	154	144
499	603	613	623
500	79	69	59
501	188	198	208
502	309	299	319
503	666	656	676
504	276	286	266
505	666	646	658
506	231	223	194
507	500	512	520
508	115	135	127
509	103	111	78
510	203	223	213
511	890	902	910
512	695	715	705
513	325	315	333
514	145	153	133
515	319	311	299
516	850	870	860
517	142	160	152
518	650	642	630
519	509	491	501
520	268	248	258
521	204	194	214
522	754	764	744
523	827	838	847
524	360	368	350
525	247	238	228
526	163	171	153
527	794	794	794
528	954	964	974
529	478	470	460
530	522	504	514
531	777	787	797
532	621	641	631
533	90	100	110
534	273	285	293
535	249	259	269
536	891	881	871
537	893	913	905
538	977	967	987
539	338	330	320
540	791	801	781
541	457	447	470
542	513	533	525
543	955	973	965
544	313	293	305
545	52	62	70
546	938	926	946
547	746	756	736
548	218	198	208
549	487	507	499
550	241	251	261
551	890	900	910
552	261	271	251
553	436	456	446
554	70	80	90
555	854	866	874
556	514	522	489
557	931	922	911
558	255	247	237
559	736	746	756
560	575	587	595
561	382	359	390
562	780	770	760
563	439	429	449
564	17	1018	5
565	61	80	71
566	924	913	933
567	574	556	566
568	736	726	746
569	106	116	125
570	739	731	721
571	237	217	229
572	219	237	229
573	7	19	27
574	284	264	276
575	361	352	342
576	547	565	557
577	671	661	681
578	526	546	538
579	269	281	289
580	815	835	825
581	442	385	460
582	885	873	893
583	1055	1075	1065
584	363	373	353
585	547	535	555
586	913	923	933
587	930	920	940
588	133	121	143
589	908	896	916
590	737	719	729
591	741	721	731
592	574	564	584
593	87	79	67
594	316	326	336
595	780	760	772
596	588	608	600
597	1007	987	997
598	403	395	383
599	134	146	154
600	614	634	626
601	651	661	641
602	422	376	401
603	686	698	706
604	335	347	355
605	919	901	911
606	853	833	845
607	542	552	532
608	998	17	7
609	446	456	466
610	443	453	433
611	806	826	816
612	742	752	732
613	160	170	178
614	758	778	770
615	274	254	266
616	73	63	83
617	90	100	80
618	380	372	362
619	665	653	673
620	418	408	398
621	301	281	292
622	385	395	405
623	50	68	60
624	1143	1118	1151
625	6	999	16
626	489	479	497
627	920	910	930
628	323	311	333
629	341	351	361
630	481	500	491
631	743	763	755
632	249	237	257
633	767	747	759
634	2374	2420	2362
635	580	570	590
636	809	799	776
637	721	701	712
638	824	814	834
639	996	978	988
640	294	303	283
641	964	944	956
642	523	533	543
643	4182	4124	4136
644	114	102	122
645	958	968	948
646	466	458	446
647	689	699	707
648	781	761	773
649	613	603	621
650	995	976	986
651	727	716	736
652	833	823	841
653	23	13	33
654	1256	1244	1266
655	521	509	529
656	490	502	510
657	824	836	844
658	201	209	189
659	325	343	335
660	228	248	238
661	616	605	625
662	269	287	279
663	255	243	263
664	628	620	610
665	520	508	528
666	59	49	39
667	409	421	429
668	499	519	511
669	404	424	416
670	47	55	37
671	964	954	942
672	376	396	388
673	598	588	608
674	411	391	403
675	900	920	912
676	521	513	503
677	854	872	864
678	2906	2896	2952
679	800	820	812
680	473	492	483
681	416	436	428
682	702	722	712
683	492	482	500
684	253	241	261
685	552	542	532
686	401	412	422
687	908	928	920
688	323	343	335
689	740	750	760
690	249	257	237
691	911	929	921
692	529	519	539
693	852	862	872
694	357	388	380
695	777	789	797
696	907	927	917
697	179	199	191
698	674	686	694
699	972	992	984
700	89	101	109
701	814	804	822
702	83	73	63
703	960	968	948
704	880	870	858
705	172	182	192
706	526	546	538
707	830	850	840
708	587	595	577
709	761	751	769
710	524	514	504
711	71	61	79
712	589	581	569
713	127	137	147
714	669	648	659
715	598	606	588
716	755	775	766
717	943	935	925
718	378	368	388
719	160	170	178
720	691	703	711
721	173	193	185
722	269	281	289
723	995	1007	1015
724	824	814	804
725	554	545	534
726	605	613	593
727	233	223	213
728	905	895	913
729	788	778	768
730	916	896	908
731	86	96	76
732	3684	3696	3706
733	747	759	767
734	652	643	632
735	364	372	352
736	888	908	900
737	663	653	673
738	171	161	179
739	337	357	349
740	850	860	870
741	261	281	273
742	234	244	252
743	587	569	579
744	364	352	372
745	688	669	683
746	449	427	439
747	574	566	556
748	401	391	411
749	560	580	572
750	803	822	813
751	856	876	868
752	365	385	375
753	304	323	314
754	939	959	949
755	553	561	541
756	125	150	158
757	32	22	40
758	451	443	433
759	375	365	385
760	163	171	153
761	160	180	172
762	239	219	231
763	415	435	425
764	766	784	776
765	329	339	349
766	88	76	96
767	768	760	748
768	132	155	165
769	782	770	790
770	947	937	957
771	789	800	809
772	967	979	987
773	420	431	440
774	769	761	751
775	912	892	904
776	282	262	272
777	588	598	608
778	926	914	934
779	212	204	194
780	276	266	284
781	280	298	290
782	735	755	746
783	273	283	293
784	138	128	148
785	519	509	529
786	54	72	64
787	24	14	34
788	3	1000	990
789	547	537	555
790	653	645	633
791	710	730	722
792	647	627	637
793	582	562	573
794	360	348	368
795	362	342	352
796	90	80	98
797	94	82	102
798	276	286	296
799	233	241	221
800	438	458	448
801	938	919	929
802	791	803	811
803	450	440	458
804	927	937	945
805	335	353	345
806	756	768	776
807	717	707	697
808	623	613	603
809	997	1005	987
810	301	311	321
811	708	718	728
812	472	452	463
813	122	130	110
814	850	862	872
815	892	904	912
816	868	858	878
817	183	193	203
818	773	753	765
819	537	557	549
820	765	775	755
821	805	795	783
822	879	891	899
823	951	970	961
824	372	382	392
825	278	290	298
826	45	55	35
827	451	431	443
828	449	459	467
829	862	883	893
830	644	634	624
831	290	280	298
832	895	875	887
833	845	865	857
834	355	343	363
835	239	257	249
836	47	39	27
837	594	602	582
838	574	554	566
839	423	441	433
840	973	963	983
841	582	564	574
842	521	531	539
843	860	870	850
844	807	817	825
845	65	85	75
846	556	566	574
847	613	621	603
848	10	22	30
849	235	247	255
850	787	807	799
851	293	305	313
852	645	633	653
853	453	463	473
854	709	689	701
855	181	199	191
856	116	106	126
857	525	535	515
858	252	262	272
859	65	75	85
860	543	531	551
861	485	476	465
862	708	718	728
863	898	890	878
864	265	256	245
865	841	859	851
866	284	273	294
867	337	357	349
868	234	254	245
869	446	466	457
870	318	328	336
871	804	793	813
872	3120	3100	3112
873	336	328	293
874	817	829	837
875	929	947	939
876	52	40	60
877	258	240	250
878	768	750	760
879	662	672	652
880	456	466	476
881	47	39	27
882	906	926	918
883	744	754	762
884	588	606	598
885	903	913	923
886	772	782	792
887	36	24	44
888	743	725	735
889	257	265	245
890	34	14	24
891	185	195	205
892	644	624	636
893	111	123	131
894	788	811	821
895	570	580	590
896	928	936	918
897	471	463	453
898	827	815	835
899	943	961	953
900	371	381	391
901	206	194	214
902	656	676	667
903	382	392	400
904	158	140	150
905	960	952	940
906	794	806	814
907	611	623	631
908	9	19	29
909	380	368	388
910	458	478	470
911	5	46	28
912	425	443	435
913	302	310	292
914	931	942	18
915	922	942	934
916	415	395	407
917	2455	2475	2467
918	708	698	718
919	37	79	47
920	722	732	712
921	191	201	181
922	465	453	473
923	254	266	274
924	485	505	497
925	834	824	842
926	682	692	702
927	335	353	345
928	516	524	504
929	792	770	782
930	900	910	890
931	845	855	863
932	254	234	246
933	802	812	822
934	873	883	893
935	13	3	23
936	194	214	206
937	210	198	218
938	562	570	552
939	71	79	59
940	623	605	615
941	140	129	149
942	528	538	548
943	1000	990	8
944	70	60	80
945	786	778	766
946	778	801	811
947	286	296	304
948	342	322	334
949	511	529	521
950	808	826	818
951	956	944	964
952	196	204	184
953	388	377	397
954	678	688	605
955	700	720	712
956	512	502	522
957	785	777	765
958	363	353	373
959	640	650	659
960	864	874	854
961	140	152	162
962	329	341	349
963	968	950	960
964	449	459	467
965	138	160	150
966	561	549	569
967	960	950	970
968	170	180	190
969	455	435	445
970	827	837	845
971	553	562	543
972	578	558	570
973	486	476	496
974	868	878	886
975	850	832	842
976	303	323	313
977	816	826	804
978	990	980	1000
979	820	800	810
980	105	95	113
981	265	283	275
982	687	709	699
983	113	121	101
984	78	90	98
985	235	280	258
986	742	730	750
987	741	753	761
988	9	21	29
989	557	539	549
990	608	590	600
991	278	268	258
992	3584	3493	3574
993	1005	995	985
994	998	978	989
995	336	356	346
996	189	177	197
997	8	26	18
998	261	249	269
999	857	837	849
