Reaction test v3
type	A+B+C
number	1000

max value	65536
unit	us

test	A	B	C
0	788	6068	11345
1	237	5513	10787
2	84	5357	10627
3	314	5588	10858
4	65	5341	10611
5	830	6104	11374
6	5307	10577	33
7	449	5723	10994
8	256	5532	10802
9	205	5479	10745
10	495	5761	11016
11	134	5396	10655
12	132	5400	10661
13	456	5732	11004
14	798	6077	11353
15	943	6220	11494
16	332	5613	10885
17	130	5410	10680
18	804	6083	11355
19	895	6175	11448
20	498	5777	11053
21	263	5539	10811
22	29	5306	10576
23	921	6199	11469
24	386	5663	10939
25	695	5972	11244
26	933	6214	11486
27	117	5389	10657
28	266	5543	10815
29	378	5650	10916
30	331	5607	10879
31	813	6091	11359
32	787	6062	11330
33	333	5607	10873
34	390	5665	10937
35	91	5363	10641
36	88	5361	10630
37	131	5410	10680
38	693	5965	11237
39	473	5741	11004
40	113	5385	10659
41	612	5880	11139
42	99	5373	10644
43	272	5553	10827
44	515	5794	11070
45	428	5702	10970
46	727	5999	11267
47	121	5396	10663
48	873	6149	11419
49	562	5836	11104
50	926	6203	11471
51	834	6106	11374
52	213	5489	10755
53	768	6042	11316
54	119	5393	10663
55	76	5348	10618
56	952	6226	11492
57	796	6070	11340
58	282	5556	10824
59	533	5809	11081
60	766	6042	11312
61	320	5592	10862
62	1038	6314	11584
63	458	5734	11004
64	678	5956	11228
65	682	5962	11232
66	400	5680	10952
67	984	6272	11542
68	983	6259	11531
69	682	5962	11235
70	476	5749	11023
71	122	5403	10673
72	470	5751	11025
73	597	5877	11156
74	18	5293	10563
75	375	5650	10922
76	511	5788	11058
77	37	5314	10584
78	838	6113	11385
79	672	5950	11224
80	174	5446	10718
81	444	5717	10991
82	657	5927	11193
83	207	5479	10747
84	273	5548	10817
85	360	5635	10903
86	811	6075	11338
87	858	6133	11400
88	207	5494	10762
89	391	5672	10949
90	749	6028	11306
91	500	5777	11049
92	980	6256	11526
93	134	5410	10684
94	598	5879	11151
95	309	5588	10855
96	81	5351	10618
97	223	5504	10780
98	333	5616	10896
99	472	5753	11029
100	663	5946	11212
101	646	5925	11197
102	293	5578	10854
103	1021	6298	11572
104	483	5761	11035
105	567	5843	11118
106	342	5618	10890
107	77	5358	10630
108	672	5952	11227
109	451	5728	11000
110	132	5410	10684
111	451	5729	11001
112	140	5415	10689
113	95	5378	10652
114	806	6085	11355
115	91	5368	10642
116	858	6138	11410
117	770	6045	11317
118	361	5636	10908
119	445	5726	10998
120	701	5976	11248
121	722	5995	11262
122	885	6160	11427
123	435	5708	10977
124	988	6261	11530
125	433	5708	10980
126	93	5367	10637
127	344	5616	10884
128	164	5438	10704
129	421	5695	10961
130	939	6213	11483
131	924	6198	11466
132	575	5849	11117
133	944	6222	11492
134	924	6198	11468
135	969	6242	11501
136	432	5706	10974
137	91	5361	10629
138	723	6000	11272
139	125	5402	10670
140	873	6158	11426
141	151	5419	10681
142	731	6006	11276
143	485	5758	11030
144	5279	10543	3
145	628	5900	11168
146	661	5931	11198
147	460	5732	11000
148	826	6100	11370
149	50	5324	10592
150	194	5469	10739
151	768	6050	11321
152	5277	10547	5
153	290	5567	10839
154	151	5425	10687
155	618	5892	11162
156	330	5603	10873
157	781	6053	11315
158	929	6203	11471
159	1040	6316	11586
160	292	5570	10840
161	507	5786	11056
162	864	6139	11409
163	288	5564	10834
164	360	5637	10909
165	543	5824	11094
166	346	5612	10875
167	702	5972	11236
168	752	6022	11284
169	10540	5	5278
170	380	5659	10933
171	699	5976	11257
172	848	6133	11409
173	493	5776	11050
174	536	5817	11087
175	935	6214	11486
176	1029	6306	11574
177	78	5358	10630
178	508	5783	11057
179	60	5337	10609
180	112	5388	10652
181	247	5515	10776
182	620	5899	11173
183	959	6237	11511
184	834	6115	11393
185	421	5697	10967
186	451	5729	11001
187	722	5999	11269
188	233	5513	10785
189	511	5789	11059
190	641	5914	11188
191	397	5672	10944
192	264	5543	10817
193	331	5605	10875
194	74	5348	10624
195	575	5850	11126
196	305	5584	10856
197	804	6087	11359
198	1021	6296	11566
199	5301	10571	23
200	131	5405	10680
201	44	5320	10591
202	162	5443	10713
203	885	6164	11434
204	55	5333	10604
205	995	6278	11550
206	633	5907	11177
207	996	6270	11538
208	438	5712	10980
209	648	5910	11169
210	738	6010	11280
211	786	6060	11332
212	105	5376	10646
213	426	5700	10970
214	507	5783	11055
215	587	5866	11142
216	720	5999	11278
217	532	5812	11085
218	676	5956	11229
219	48	5326	10600
220	355	5633	10906
221	881	6156	11424
222	901	6173	11445
223	280	5561	10835
224	256	5534	10805
225	402	5676	10946
226	453	5730	11002
227	335	5614	10884
228	708	5984	11258
229	140	5417	10687
230	504	5781	11053
231	684	5963	11240
232	822	6100	11370
233	16	5291	10561
234	923	6199	11473
235	449	5729	11002
236	359	5643	10914
237	554	5832	11103
238	292	5575	10843
239	158	5436	10706
240	736	6013	11287
241	837	6116	11388
242	141	5421	10691
243	671	5946	11218
244	561	5839	11107
245	734	6001	11265
246	269	5543	10817
247	793	6070	11340
248	395	5672	10948
249	885	6156	11423
250	776	6053	11323
251	470	5742	11008
252	172	5442	10710
253	590	5865	11131
254	220	5486	10753
255	164	5438	10706
256	616	5888	11160
257	459	5732	10999
258	74	5346	10618
259	406	5680	10948
260	307	5578	10847
261	126	5406	10676
262	727	6003	11271
263	773	6047	11317
264	584	5862	11134
265	20	5304	10576
266	513	5780	11044
267	654	5909	11158
268	361	5635	10907
269	638	5912	11178
270	708	5982	11250
271	574	5850	11120
272	391	5663	10930
273	123	5397	10667
274	423	5695	10963
275	748	6019	11286
276	498	5772	11040
277	107	5380	10652
278	963	6239	11509
279	661	5935	11205
280	360	5628	10892
281	316	5594	10866
282	827	6104	11376
283	50	5329	10605
284	828	6103	11373
285	976	6253	11521
286	581	5857	11123
287	557	5828	11093
288	511	5781	11047
289	147	5419	10685
290	369	5644	10913
291	120	5391	10661
292	512	5785	11055
293	5286	10558	8
294	516	5792	11064
295	978	6256	11528
296	30	5305	10577
297	309	5585	10853
298	999	6274	11544
299	313	5587	10853
300	307	5579	10849
301	305	5579	10847
302	946	6224	11486
303	474	5748	11016
304	948	6225	11495
305	466	5741	11009
306	654	5929	11199
307	878	6154	11426
308	191	5464	10740
309	830	6106	11377
310	535	5811	11081
311	95	5359	10616
312	346	5625	10899
313	848	6126	11394
314	966	6231	11490
315	558	5821	11079
316	299	5569	10832
317	3	5280	10550
318	101	5374	10642
319	697	5973	11239
320	1003	6274	11544
321	914	6188	11456
322	103	5384	10656
323	805	6081	11347
324	552	5828	11098
325	426	5698	10970
326	408	5684	10956
327	761	6027	11288
328	779	6047	11319
329	305	5581	10855
330	903	6177	11445
331	101	5375	10643
332	395	5669	10939
333	661	5941	11213
334	950	6229	11499
335	340	5616	10886
336	695	5970	11238
337	286	5563	10829
338	368	5635	10895
339	412	5678	10937
340	627	5903	11171
341	792	6072	11342
342	1004	6278	11546
343	185	5451	10714
344	545	5819	11089
345	577	5851	11127
346	966	6242	11512
347	819	6093	11365
348	597	5873	11143
349	335	5613	10875
350	859	6124	11383
351	209	5475	10734
352	819	6083	11342
353	114	5378	10635
354	1010	6269	11524
355	532	5800	11062
356	233	5499	10758
357	931	6207	11477
358	271	5549	10817
359	63	5340	10612
360	335	5612	10884
361	421	5697	10969
362	307	5583	10853
363	939	6216	11486
364	663	5938	11208
365	1023	6301	11569
366	466	5743	11017
367	116	5393	10663
368	352	5618	10882
369	865	6141	11409
370	496	5772	11042
371	783	6056	11323
372	903	6179	11447
373	674	5950	11222
374	76	5352	10618
375	93	5371	10646
376	1002	6276	11548
377	274	5548	10844
378	254	5530	10800
379	581	5856	11130
380	290	5566	10836
381	405	5682	10956
382	267	5541	10815
383	10558	16	5288
384	53	5331	10603
385	10576	28	5305
386	549	5826	11106
387	716	5997	11276
388	991	6267	11539
389	772	6051	11325
390	712	5988	11261
391	965	6245	11518
392	10563	16	5291
393	418	5697	10975
394	24	5294	10564
395	102	5378	10652
396	473	5747	11017
397	588	5862	11130
398	659	5931	11201
399	896	6166	11432
400	256	5528	10796
401	912	6179	11441
402	226	5498	10762
403	490	5753	11017
404	144	5412	10677
405	896	6166	11430
406	367	5639	10905
407	441	5711	10978
408	717	5989	11257
409	264	5535	10805
410	323	5593	10867
411	10588	39	5318
412	191	5465	10733
413	633	5910	11180
414	147	5423	10695
415	907	6182	11458
416	97	5371	10639
417	340	5616	10891
418	774	6049	11319
419	451	5733	11004
420	445	5719	10989
421	85	5359	10625
422	43	5318	10588
423	379	5661	10929
424	748	6022	11288
425	616	5888	11158
426	323	5595	10859
427	944	6218	11486
428	968	6250	11520
429	905	6184	11452
430	5292	10560	12
431	984	6259	11529
432	38	5312	10580
433	292	5564	10830
434	25	5300	10570
435	830	6104	11372
436	783	6059	11327
437	951	6227	11499
438	950	6224	11492
439	669	5943	11213
440	893	6173	11443
441	581	5856	11125
442	568	5841	11111
443	848	6120	11396
444	1010	6280	11544
445	453	5730	11006
446	573	5848	11116
447	708	5984	11254
448	723	5996	11266
449	500	5772	11042
450	37	5310	10580
451	866	6136	11406
452	108	5379	10648
453	246	5520	10788
454	637	5911	11181
455	511	5785	11053
456	731	6006	11275
457	147	5421	10691
458	775	6055	11321
459	380	5658	10926
460	624	5895	11164
461	980	6254	11522
462	121	5397	10665
463	93	5363	10633
464	11	5285	10555
465	128	5402	10670
466	401	5674	10942
467	278	5554	10826
468	348	5622	10890
469	10584	41	5316
470	326	5600	10866
471	669	5948	11218
472	196	5472	10744
473	448	5729	10999
474	927	6201	11462
475	706	5982	11243
476	55	5329	10595
477	800	6072	11338
478	656	5929	11197
479	824	6104	11374
480	955	6229	11497
481	102	5372	10639
482	1027	6301	11569
483	435	5707	10975
484	333	5604	10876
485	297	5569	10835
486	731	6005	11273
487	856	6129	11398
488	985	6255	11523
489	893	6186	11473
490	963	6235	11505
491	476	5747	11017
492	44	5314	10581
493	177	5445	10708
494	824	6096	11359
495	894	6165	11432
496	368	5631	10886
497	282	5552	10817
498	419	5693	10957
499	400	5668	10933
500	160	5428	10689
501	22	5295	10559
502	642	5912	11177
503	265	5539	10807
504	675	5948	11218
505	588	5865	11129
506	1029	6301	11569
507	573	5849	11121
508	27	5297	10565
509	348	5623	10893
510	717	5991	11259
511	16	5294	10566
512	806	6078	11346
513	498	5771	11040
514	569	5847	11117
515	40	5312	10580
516	944	6216	11486
517	356	5629	10898
518	418	5688	10956
519	5285	10555	11
520	669	5943	11209
521	165	5444	10716
522	162	5438	10706
523	665	5938	11206
524	700	5972	11244
525	498	5776	11044
526	230	5504	10776
527	455	5727	10997
528	42	5318	10590
529	119	5391	10665
530	136	5415	10685
531	927	6203	11476
532	507	5781	11057
533	190	5464	10732
534	869	6146	11418
535	440	5713	10983
536	496	5775	11045
537	627	5903	11173
538	837	6113	11383
539	657	5935	11207
540	665	5943	11214
541	725	5993	11255
542	873	6149	11419
543	794	6070	11343
544	704	5982	11256
545	269	5545	10817
546	910	6192	11463
547	734	6010	11278
548	170	5444	10712
549	498	5774	11044
550	760	6036	11312
551	406	5680	10956
552	98	5372	10638
553	534	5809	11083
554	462	5738	11004
555	516	5792	11058
556	563	5841	11107
557	937	6213	11483
558	689	5961	11231
559	997	6273	11548
560	747	6021	11293
561	770	6038	11304
562	595	5869	11143
563	111	5389	10661
564	884	6163	11428
565	275	5554	10824
566	721	6000	11272
567	989	6266	11538
568	877	6156	11428
569	588	5862	11128
570	999	6275	11543
571	316	5588	10852
572	93	5368	10640
573	153	5429	10701
574	442	5715	10985
575	450	5727	10997
576	819	6092	11361
577	558	5830	11096
578	734	6008	11279
579	666	5942	11212
580	969	6245	11520
581	863	6146	11422
582	1038	6313	11589
583	916	6192	11460
584	983	6257	11527
585	956	6233	11501
586	261	5537	10803
587	284	5558	10832
588	383	5659	10931
589	117	5387	10649
590	354	5629	10898
591	536	5811	11083
592	942	6218	11488
593	884	6160	11434
594	460	5736	11008
595	826	6105	11375
596	478	5744	11001
597	475	5749	11015
598	387	5659	10927
599	324	5596	10862
600	421	5695	10967
601	354	5630	10902
602	648	5920	11190
603	121	5395	10656
604	843	6117	11385
605	839	6115	11385
606	162	5438	10710
607	933	6207	11475
608	85	5361	10631
609	942	6219	11488
610	821	6100	11368
611	303	5582	10850
612	942	6216	11488
613	477	5757	11029
614	893	6159	11422
615	82	5358	10626
616	573	5846	11115
617	54	5330	10598
618	181	5455	10727
619	63	5337	10607
620	601	5882	11152
621	372	5646	10920
622	682	5957	11231
623	415	5693	10967
624	535	5815	11083
625	80	5354	10622
626	337	5613	10885
627	899	6174	11450
628	430	5704	10981
629	606	5880	11148
630	162	5436	10708
631	352	5629	10899
632	442	5721	10991
633	569	5841	11107
634	588	5868	11142
635	654	5931	11205
636	549	5826	11100
637	594	5879	11158
638	87	5368	10640
639	226	5503	10775
640	882	6161	11433
641	268	5545	10819
642	959	6235	11509
643	10555	23	5291
644	103	5377	10647
645	86	5363	10633
646	686	5963	11241
647	894	6175	11445
648	553	5825	11091
649	526	5810	11085
650	819	6104	11383
651	809	6087	11360
652	674	5950	11220
653	244	5522	10796
654	674	5950	11223
655	586	5862	11135
656	185	5466	10742
657	121	5402	10678
658	768	6046	11320
659	732	6012	11284
660	374	5655	10929
661	755	6037	11310
662	254	5534	10809
663	162	5443	10717
664	453	5736	11013
665	989	6267	11540
666	523	5800	11074
667	624	5903	11177
668	10583	31	5309
669	918	6195	11471
670	983	6261	11531
671	380	5665	10939
672	862	6145	11423
673	922	6207	11481
674	689	5970	11242
675	41	5318	10592
676	646	5923	11195
677	10573	41	5311
678	552	5835	11107
679	155	5435	10710
680	892	6165	11439
681	910	6188	11460
682	563	5839	11113
683	558	5839	11113
684	688	5965	11239
685	373	5652	10924
686	685	5964	11244
687	271	5552	10820
688	1036	6316	11593
689	854	6132	11403
690	288	5562	10830
691	1019	6289	11563
692	435	5714	10984
693	60	5335	10607
694	78	5353	10622
695	807	6083	11353
696	99	5378	10648
697	206	5479	10751
698	830	6104	11376
699	378	5654	10926
700	629	5903	11173
701	738	6015	11287
702	438	5714	10982
703	597	5880	11156
704	213	5494	10766
705	170	5452	10725
706	143	5421	10696
707	42	5320	10593
708	4	5284	10564
709	879	6160	11438
710	798	6079	11355
711	459	5740	11016
712	44	5322	10597
713	233	5515	10788
714	903	6181	11449
715	194	5468	10734
716	787	6063	11329
717	213	5489	10759
718	221	5495	10765
719	5287	10558	5
720	57	5337	10612
721	920	6201	11471
722	509	5789	11059
723	782	6057	11333
724	992	6271	11545
725	735	6012	11284
726	663	5931	11192
727	258	5530	10802
728	477	5757	11034
729	138	5419	10695
730	644	5916	11188
731	890	6164	11424
732	959	6240	11516
733	101	5382	10656
734	717	5998	11272
735	245	5523	10797
736	849	6128	11400
737	605	5886	11164
738	76	5359	10631
739	481	5755	11025
740	695	5971	11243
741	541	5809	11081
742	507	5786	11060
743	157	5434	10706
744	421	5702	10974
745	389	5670	10942
746	983	6264	11538
747	61	5341	10613
748	324	5603	10875
749	317	5588	10857
750	500	5777	11045
751	614	5888	11156
752	879	6155	11421
753	43	5311	10571
754	886	6162	11434
755	320	5601	10875
756	661	5939	11209
757	402	5683	10959
758	174	5455	10730
759	376	5654	10931
760	245	5522	10798
761	872	6149	11423
762	145	5427	10699
763	451	5723	10986
764	748	6025	11297
765	710	5993	11267
766	451	5728	11000
767	181	5455	10728
768	809	6092	11366
769	200	5474	10733
770	359	5638	10916
771	989	6274	11550
772	910	6190	11463
773	256	5537	10811
774	646	5925	11201
775	852	6131	11407
776	507	5790	11068
777	588	5867	11147
778	166	5445	10723
779	699	5980	11258
780	11	5293	10567
781	1002	6278	11551
782	200	5476	10744
783	267	5545	10811
784	558	5836	11108
785	76	5352	10624
786	668	5948	11223
787	888	6164	11430
788	685	5963	11237
789	1023	6299	11570
790	860	6133	11402
791	798	6072	11342
792	735	6014	11290
793	493	5772	11044
794	202	5478	10749
795	363	5639	10914
796	59	5342	10619
797	886	6167	11439
798	545	5822	11094
799	535	5811	11083
800	740	6015	11287
801	468	5746	11019
802	953	6227	11497
803	854	6130	11403
804	50	5322	10592
805	507	5786	11056
806	982	6254	11520
807	108	5385	10653
808	5287	10551	18
809	839	6107	11375
810	935	6213	11488
811	825	6106	11382
812	692	5969	11245
813	736	6015	11289
814	620	5901	11175
815	767	6042	11314
816	845	6121	11391
817	665	5944	11222
818	385	5666	10938
819	854	6143	11422
820	747	6039	11321
821	547	5832	11115
822	862	6152	11435
823	138	5423	10704
824	908	6197	11480
825	305	5593	10876
826	342	5635	10920
827	959	6252	11539
828	59	5348	10631
829	362	5650	10930
830	685	5972	11254
831	164	5455	10736
832	359	5646	10927
833	928	6214	11498
834	738	6025	11305
835	342	5631	10912
836	373	5660	10939
837	682	5967	11248
838	931	6222	11507
839	923	6208	11488
840	880	6167	11450
841	455	5740	11019
842	410	5699	10982
843	532	5819	11104
844	985	6270	11553
845	59	5342	10623
846	726	6017	11298
847	696	5983	11268
848	344	5637	10920
849	730	6013	11291
850	537	5826	11111
851	1013	6302	11587
852	213	5504	10793
853	895	6186	11475
854	50	5339	10620
855	316	5603	10882
856	771	6060	11340
857	275	5560	10839
858	661	5949	11231
859	194	5477	10755
860	926	6213	11492
861	602	5888	11172
862	710	5993	11274
863	408	5693	10970
864	173	5462	10747
865	997	6288	11567
866	1038	6327	11608
867	12	5300	10582
868	508	5798	11080
869	472	5757	11036
870	636	5920	11201
871	255	5541	10823
872	301	5582	10859
873	298	5586	10864
874	271	5554	10832
875	953	6234	11512
876	706	5988	11265
877	85	5366	10644
878	5284	10552	10
879	71	5356	10633
880	350	5635	10917
881	787	6070	11353
882	136	5423	10704
883	1006	6297	11580
884	1038	6325	11606
885	453	5739	11021
886	236	5525	10808
887	354	5639	10922
888	200	5489	10774
889	10584	14	5305
890	1023	6312	11597
891	329	5616	10895
892	736	6023	11304
893	519	5806	11087
894	504	5791	11070
895	856	6143	11424
896	759	6047	11331
897	389	5678	10963
898	946	6239	11522
899	11	5300	10581
900	538	5825	11108
901	814	6101	11384
902	599	5892	11179
903	800	6077	11362
904	301	5588	10867
905	660	5947	11232
906	612	5901	11182
907	428	5717	11002
908	614	5901	11184
909	620	5908	11193
910	258	5544	10826
911	775	6062	11347
912	641	5928	11207
913	785	6066	11336
914	5302	10587	11
915	264	5551	10836
916	815	6101	11383
917	355	5635	10912
918	5291	10565	10
919	304	5593	10878
920	860	6148	11432
921	624	5913	11194
922	294	5580	10862
923	493	5781	11059
924	898	6183	11460
925	783	6065	11344
926	198	5481	10760
927	644	5929	11210
928	172	5455	10727
929	646	5918	11190
930	166	5455	10732
931	411	5696	10981
932	390	5676	10963
933	167	5455	10738
934	109	5398	10683
935	221	5506	10785
936	983	6268	11550
937	963	6252	11539
938	1046	6331	11614
939	684	5971	11252
940	637	5926	11205
941	487	5772	11053
942	757	6042	11321
943	348	5635	10918
944	347	5633	10915
945	494	5783	11060
946	83	5370	10653
947	492	5785	11066
948	35	5322	10605
949	943	6231	11513
950	307	5594	10879
951	112	5404	10687
952	539	5824	11107
953	747	6034	11313
954	538	5823	11106
955	367	5654	10939
956	865	6152	11433
957	386	5678	10965
958	68	5348	10633
959	833	6118	11403
960	496	5787	11068
961	617	5903	11188
962	470	5749	11021
963	789	6076	11357
964	37	5325	10610
965	534	5817	11098
966	131	5418	10703
967	908	6195	11476
968	863	6154	11437
969	618	5907	11190
970	1025	6314	11597
971	455	5742	11025
972	320	5609	10892
973	766	6053	11334
974	586	5865	11149
975	5292	10575	7
976	470	5757	11040
977	476	5761	11042
978	657	5944	11229
979	883	6169	11451
980	1034	6321	11603
981	644	5939	11218
982	31	5314	10593
983	961	6242	11526
984	646	5929	11209
985	903	6190	11473
986	203	5486	10768
987	950	6239	11516
988	606	5888	11165
989	10565	5	5288
990	138	5421	10700
991	10585	14	5306
992	933	6216	11495
993	885	6171	11466
994	1030	6315	11593
995	813	6096	11377
996	153	5439	10717
997	761	6046	11327
998	5301	10584	10
999	984	6269	11550
