Reaction test v3
type	A+B+C
number	1000

max value	65536
unit	us

test	A	B	C
0	46985	41711	16452
1	5304	11	10585
2	35444	30155	40716
3	23924	29204	34479
4	5298	18	10574
5	10571	5298	11
6	5288	10565	7
7	5298	10579	15
8	19418	24699	14136
9	18082	23365	12795
10	10560	5284	9
11	9954	4656	3
12	5298	11	10578
13	9145	3858	14420
14	33857	28566	39135
15	18087	12802	23363
16	10580	14	5298
17	26851	16289	21572
18	3	10551	5285
19	14962	25526	20245
20	11948	17225	6663
21	30933	25654	20375
22	38379	27828	33108
23	10578	5301	14
24	15076	9797	20359
25	16573	21853	11290
26	12520	17797	7235
27	18783	24072	29353
28	5292	10571	9
29	7	10575	5297
30	22961	12404	17685
31	38064	43351	48628
32	overflow
@ 1ns

or

Reaction test v3
type	A+B+C
number	1000

max value	65536
unit	us

test	A	B	C
0	30543	19964	25255
1	10599	8	5301
2	551	11140	5853
3	29244	18668	23965
4	58802	48219	53513
5	18786	8204	13497
6	30011	24720	19428
7	716	6004	11295
8	250	10833	5543
9	886	6179	11464
10	707	5999	11288
11	50	5344	10637
12	426	5719	11006
13	24523	19235	13942
14	65528	54939	60237
15	52575	47282	41990
16	596	5886	11170
17	431	5723	11012
18	911	6203	11492
19	363	10947	5658
20	310	5599	10886
21	31757	26474	21187
22	overflow
@ 1ms
