Reaction test v3
type	A+B+C
number	1000

max value	65536
unit	us

test	A	B	C
0	3	8431	3152
1	5287	9	10563
2	6	10564	5286
3	10564	3	5288
4	5282	10560	5
5	9	5285	10560
6	5286	10558	9
7	10561	5289	8
8	10557	7	5285
9	6	10563	5286
10	10564	5286	5
11	10	5287	10560
12	5289	11	10566
13	10560	5286	11
14	10556	5282	3
15	10564	5286	7
16	5301	14	10584
17	5299	10582	9
18	6	10586	5298
19	10584	5297	10
20	5297	7	10582
21	7	5295	10580
22	5293	6	10574
23	10576	5295	8
24	9	5297	10582
25	9	10584	5299
26	4	10572	5293
27	7	5301	10585
28	5299	10582	11
29	5294	9	10576
30	5290	10575	3
31	10581	10	5298
32	10591	16	5306
33	3	5294	10579
34	5290	10567	3
35	5284	4	10559
36	10574	9	5295
37	10568	5290	11
38	5296	10583	9
39	10586	9	5301
40	10575	5295	8
41	5295	8	10578
42	5301	10583	9
43	5290	3	10575
44	5296	7	10585
45	10587	3	5295
46	10592	5309	14
47	3	10583	5294
48	5303	10588	9
49	5291	5	10575
50	8	10592	5301
51	5	10584	5294
52	5311	23	10592
53	10579	6	5293
54	5295	10576	9
55	3	5291	10576
56	5295	9	10580
57	10578	5295	10
58	10573	3	5290
59	5290	10573	3
60	10576	3	5293
61	5296	10	10583
62	5292	5	10579
63	10581	5	5296
64	10577	8	5296
65	10581	5296	7
66	25	10603	5318
67	10579	8	5294
68	5	10589	5299
69	5292	4	10579
70	7	10582	5297
71	5	5300	10586
72	10586	9	5301
73	11	5304	10591
74	5	10587	5298
75	7	10569	5289
76	10590	9	5301
77	5295	10580	7
78	7	5290	10568
79	10593	8	5300
80	9	5301	10592
81	10586	5299	8
82	10586	5299	7
83	10565	7	5292
84	8	10568	5288
85	10554	7	5284
86	9	10568	5291
87	5281	10551	3
88	5283	9	10555
89	13	10558	5288
90	5279	3	10549
91	5	10556	5284
92	10573	5	5290
93	24	10591	5308
94	3	5289	10571
95	5290	7	10571
96	10580	5297	8
97	5286	10568	5
98	10554	5284	6
99	10583	20	5305
100	5293	9	10574
101	10573	6	5295
102	10573	9	5292
103	5292	5	10575
104	5294	10577	5
105	10569	5286	3
106	10575	5294	9
107	6	5291	10573
108	31	5318	10599
109	8	10574	5295
110	8	5285	10557
111	5	10577	5292
112	10574	5293	8
113	6	10580	5295
114	5301	10581	15
115	10574	7	5291
116	25	10595	5312
117	5294	10581	7
118	5312	24	10595
119	5296	10581	7
120	5293	10582	3
121	10578	9	5295
122	5295	9	10577
123	10561	5286	5
124	5298	10584	7
125	5296	10584	5
126	11	5297	10584
127	10	5298	10577
128	10	5281	10554
129	5297	9	10584
130	9	5299	10584
131	5292	10577	5
132	3	10582	5292
133	5303	16	10590
134	3	10580	5294
135	9	10579	5298
136	7	5297	10580
137	10582	5299	6
138	10587	5309	30
139	5287	10566	7
140	5290	7	10566
141	10588	5298	3
142	10571	5291	6
143	10577	6	5294
144	6	10573	5293
145	5286	10561	8
146	5304	10588	19
147	9	10582	5295
148	5292	7	10573
149	10573	5294	7
150	9	5298	10581
151	5306	19	10593
152	11	10585	5298
153	12	10582	5301
154	5290	10575	5
155	7	10580	5297
156	3	5292	10581
157	10592	5305	10
158	5	5298	10589
159	10585	5	5300
160	3	5297	10586
161	5301	8	10592
162	10571	5293	10
163	5284	10562	5
164	7	10579	5293
165	5	10572	5290
166	5297	10584	7
167	3	10582	5295
168	10603	24	5312
169	5299	7	10588
170	5296	10579	7
171	10596	23	5311
172	10	5299	10584
173	11	10585	5300
174	5299	10582	8
175	10585	6	5298
176	10583	7	5298
177	10	5298	10584
178	8	10581	5296
179	5312	23	10601
180	9	5299	10588
181	10575	5292	7
182	10584	5297	3
183	5299	10588	9
184	10576	3	5291
185	9	10586	5301
186	10582	5	5295
187	11	10590	5301
188	10581	3	5292
189	3	5292	10579
190	10564	5290	3
191	8	10568	5288
192	4	5276	10540
193	5274	3	10547
194	7	10562	5286
195	8	5288	10564
196	5295	10582	7
197	5299	10584	9
198	5298	9	10583
199	10583	8	5299
200	7	10581	5296
201	10582	5295	5
202	5298	8	10587
203	10580	8	5297
204	5296	6	10581
205	18	10593	5308
206	7	10579	5296
207	5	10581	5296
208	10589	9	5301
209	10581	7	5296
210	10577	5294	5
211	5303	10592	10
212	5291	10576	7
213	5295	7	10582
214	10595	5310	21
215	6	10593	5302
216	5291	10580	4
217	4	5296	10583
218	5311	20	10598
219	10589	5301	10
220	3	5293	10579
221	5293	7	10582
222	9	10581	5298
223	5307	10592	14
224	5303	10588	9
225	5	10581	5295
226	5292	5	10579
227	10583	6	5298
228	3	5292	10577
229	10580	3	5293
230	5296	9	10578
231	7	10574	5293
232	5294	10573	7
233	5290	10569	5
234	5292	3	10577
235	10576	7	5291
236	18	10588	5304
237	5288	3	10569
238	10586	5301	8
239	16	5304	10587
240	10572	3	5289
241	10590	5301	7
242	12	10585	5298
243	7	5293	10580
244	5292	3	10577
245	5297	10575	7
246	5300	16	10587
247	10586	5298	5
248	5295	10582	3
249	5301	10586	10
250	5301	10592	9
251	10581	5294	5
252	10592	9	5303
253	10599	16	5308
254	5292	10567	10
255	5299	10586	10
256	10590	5303	11
257	5294	3	10582
258	5301	10588	8
259	10576	5293	4
260	10581	9	5298
261	5	5284	10569
262	5288	10562	9
263	5300	10	10587
264	5292	10575	3
265	5301	10584	16
266	3	5295	10580
267	5310	22	10599
268	11	5299	10580
269	3	5293	10582
270	10567	5290	10
271	5	10569	5286
272	9	5296	10581
273	5296	10581	5
274	5	5293	10580
275	10575	5292	5
276	5303	10588	14
277	10580	7	5297
278	5299	10586	11
279	10584	9	5299
280	10590	5	5297
281	7	10583	5298
282	5298	10585	7
283	10584	5297	7
284	10	10593	5302
285	10579	5294	5
286	10	10592	5303
287	5296	4	10584
288	10590	5303	9
289	10587	10	5300
290	5294	10	10584
291	5299	10586	10
292	11	10599	5309
293	5302	9	10589
294	7	5301	10590
295	3	5296	10583
296	5293	10580	5
297	10590	5303	9
298	3	5300	10592
299	5301	9	10590
300	7	5300	10587
301	5299	10586	7
302	5298	9	10585
303	5305	10594	9
304	10609	5314	18
305	10608	5318	23
306	10588	5300	3
307	9	5309	10599
308	5	5298	10590
309	5302	8	10595
310	5313	16	10605
311	10586	3	5295
312	5319	10618	23
313	5288	5	10569
314	6	10575	5294
315	5	10565	5286
316	10569	5	5287
317	10574	3	5291
318	10573	5	5292
319	5292	5	10573
320	5	10549	5277
321	10581	16	5300
322	10562	3	5286
323	10567	5	5288
324	10574	5295	10
325	10591	5314	29
326	23	10579	5304
327	3	10564	5283
328	11	5286	10562
329	5286	8	10562
330	10559	8	5286
331	9	10563	5289
332	5284	10564	7
333	10563	9	5290
334	5286	10560	9
335	7	5292	10573
336	5286	10569	5
337	10569	5291	3
338	5296	10573	9
339	3	10565	5285
340	9	10575	5295
341	10573	5298	17
342	5289	11	10571
343	7	5290	10572
344	5299	10580	19
345	3	5292	10569
346	5288	10563	8
347	5286	5	10567
348	5291	6	10570
349	7	5293	10570
350	7	10569	5294
351	5	5292	10567
352	5288	10569	4
353	10554	5286	10
354	5288	6	10565
355	5292	10573	11
356	10563	3	5283
357	5288	10564	7
358	10564	5288	5
359	10560	5284	5
360	5295	10575	7
361	10562	5287	7
362	20	10582	5299
363	5287	9	10564
364	5278	10554	5
365	5	5285	10564
366	20	10576	5303
367	7	5289	10566
368	10559	3	5287
369	10564	5290	11
370	10567	7	5293
371	10543	5277	5
372	8	10559	5285
373	18	10573	5295
374	5288	10562	11
375	7	10557	5285
376	5283	7	10557
377	10549	5279	3
378	3	5281	10557
379	10558	5	5286
380	5286	10556	8
381	3	5273	10537
382	5282	10558	5
383	5286	10561	5
384	10563	5290	10
385	7	10558	5282
386	9	5286	10559
387	10564	10	5290
388	5285	9	10559
389	7	5288	10562
390	5285	7	10561
391	24	10584	5304
392	5	10568	5285
393	5291	9	10572
394	5304	20	10589
395	10556	5285	9
396	5	10563	5286
397	10563	5286	5
398	3	10558	5284
399	9	10568	5290
400	10563	5	5285
401	5296	10575	7
402	5291	10573	6
403	5287	5	10567
404	5288	10567	3
405	7	5289	10567
406	16	10574	5298
407	5290	10	10566
408	10569	5292	5
409	10573	5296	16
410	10565	5290	5
411	5281	3	10559
412	5286	6	10570
413	10	10574	5294
414	5290	10565	9
415	10580	10	5299
416	5292	9	10567
417	10557	3	5283
418	10556	16	5289
419	5290	10565	10
420	5290	10567	8
421	10567	7	5287
422	5	5291	10568
423	10550	8	5283
424	9	10574	5291
425	10566	5290	5
426	10576	11	5299
427	10564	5288	5
428	10558	5289	4
429	5289	11	10559
430	5314	10589	31
431	5286	10564	5
432	5284	10562	3
433	10571	5293	10
434	5	5289	10574
435	3	5288	10567
436	10	5300	10582
437	5298	10575	11
438	10577	5301	16
439	10554	6	5283
440	10563	7	5285
441	9	5293	10573
442	10578	5297	10
443	9	5290	10571
444	5292	9	10573
445	10571	9	5292
446	11	5292	10569
447	5285	10561	10
448	5285	9	10553
449	10549	6	5281
450	5294	10	10570
451	5303	10586	18
452	8	10576	5299
453	5292	7	10570
454	10548	5	5280
455	5279	10556	7
456	6	10565	5290
457	11	10570	5291
458	10588	5309	26
459	7	5290	10569
460	5291	7	10568
461	10573	5294	11
462	10571	5290	9
463	10567	5290	8
464	10567	5291	4
465	5	5287	10568
466	5289	5	10567
467	18	5304	10584
468	5288	10566	5
469	5286	3	10566
470	9	10559	5285
471	5	5283	10555
472	3	10574	5289
473	11	5292	10573
474	3	10568	5288
475	10575	5298	17
476	7	10580	5297
477	10560	3	5284
478	16	10589	5306
479	6	5283	10557
480	9	10567	5288
481	5295	8	10580
482	7	5292	10577
483	5	5292	10577
484	4	10581	5294
485	10576	3	5293
486	7	10567	5288
487	6	10580	5293
488	8	10581	5296
489	5301	11	10584
490	11	5304	10591
491	5296	10579	5
492	5298	8	10583
493	10584	11	5303
494	5292	10577	7
495	8	5300	10589
496	5	10578	5295
497	8	5300	10587
498	3	10582	5297
499	3	10574	5290
500	3	10569	5286
501	15	5302	10583
502	5292	5	10577
503	5	10565	5290
504	16	10588	5305
505	16	10592	5305
506	5294	10577	7
507	5291	10576	3
508	10575	5	5292
509	10579	5294	5
510	5	10579	5294
511	9	5299	10584
512	10575	7	5293
513	5296	7	10579
514	10595	15	5310
515	5301	10590	9
516	5	10581	5296
517	5293	5	10577
518	10573	16	5298
519	5295	10579	5
520	5307	10594	18
521	10574	5291	4
522	5293	10574	4
523	5310	24	10593
524	5296	10577	11
525	5	10575	5291
526	3	5287	10570
527	10581	11	5298
528	5293	10576	6
529	10583	5301	14
530	5301	10588	10
531	10582	9	5299
532	5294	8	10577
533	5297	10580	6
534	5303	16	10590
535	5298	6	10583
536	3	10571	5290
537	10573	3	5293
538	10576	7	5291
539	20	5306	10586
540	10572	5	5289
541	8	10572	5293
542	9	10572	5294
543	26	10596	5312
544	3	10569	5290
545	5288	10569	4
546	5300	16	10581
547	20	10585	5306
548	7	10582	5301
549	5	10579	5294
550	5297	10582	9
551	27	5318	10598
552	10	10583	5298
553	10571	5	5290
554	5291	5	10574
555	10569	5288	11
556	33	10603	5320
557	6	5296	10583
558	5	5298	10581
559	5297	5	10584
560	10577	5	5294
561	3	5291	10580
562	10576	3	5289
563	10580	5299	6
564	5294	3	10581
565	8	5297	10578
566	10581	8	5298
567	5294	10580	3
568	10575	5	5292
569	5292	10581	5
570	5295	9	10580
571	10589	26	5308
572	7	10578	5295
573	20	10590	5307
574	5296	8	10577
575	10586	9	5297
576	5294	10	10575
577	10569	7	5292
578	16	5299	10579
579	5300	10587	13
580	16	5303	10747
581	5292	3	10577
582	5288	10571	3
583	5293	10575	5
584	5	10576	5293
585	4	5290	10571
586	5294	10577	7
587	10576	5293	8
588	5304	10587	25
589	10575	9	5294
590	7	5293	10575
591	5290	10571	3
592	10579	5298	9
593	5290	10573	3
594	7	10569	5293
595	3	5282	10561
596	10576	4	5291
597	9	5299	10583
598	10573	5292	3
599	5291	3	10572
600	5	5291	10576
601	18	5303	10588
602	5298	11	10584
603	10572	5	5291
604	10	10574	5295
605	5296	10581	7
606	22	10594	5309
607	5288	3	10569
608	5295	7	10586
609	10575	5	5292
610	10583	10	5300
611	10581	10	5298
612	11	5294	10574
613	5292	10573	7
614	5295	7	10576
615	5292	10569	5
616	10565	3	5286
617	11	10573	5294
618	3	5283	10553
619	8	10575	5292
620	9	5295	10576
621	6	5292	10579
622	3	10576	5293
623	5294	10579	7
624	11	10588	5301
625	9	5299	10580
626	9	10587	5300
627	7	5297	10582
628	5303	10590	9
629	5	10576	5293
630	5292	10575	5
631	10	10578	5297
632	4	5296	10581
633	10588	5301	8
634	5296	10582	5
635	10	5299	10582
636	10572	3	5287
637	10	10581	5296
638	10590	7	5304
639	10597	12	5306
640	5293	6	10576
641	10582	5301	8
642	10581	9	5298
643	5297	7	10580
644	3	10571	5289
645	10577	5292	5
646	10596	23	5311
647	10578	5297	8
648	3	5295	10578
649	10581	7	5296
650	5296	9	10579
651	10573	5290	3
652	10585	7	5298
653	10574	3	5291
654	5288	10564	5
655	10586	5297	7
656	5298	11	10581
657	9	10580	5299
658	7	10584	5295
659	5298	10583	11
660	10582	7	5299
661	5294	10579	7
662	10577	3	5293
663	10584	9	5301
664	10589	5	5298
665	10577	7	5294
666	10	5298	10586
667	5305	10592	10
668	3	10578	5293
669	10580	5297	10
670	3	5291	10576
671	10573	5292	5
672	9	10584	5297
673	10584	5299	6
674	10577	5295	9
675	6	5298	10583
676	5297	5	10590
677	10584	5	5299
678	5299	10592	7
679	6	10574	5293
680	5289	3	10574
681	22	5310	10590
682	10594	5311	24
683	10575	8	5294
684	10582	24	5302
685	5307	24	10587
686	10582	23	5307
687	10575	5	5292
688	3	5289	10568
689	5297	8	10578
690	3	5290	10569
691	10573	5293	8
692	7	10577	5293
693	10568	5288	3
694	3	5290	10570
695	5302	16	10582
696	5293	10575	8
697	9	10576	5294
698	5290	3	10571
699	10577	5294	9
700	4	5291	10573
701	10573	6	5291
702	5290	5	10566
703	10554	5280	5
704	5289	10569	8
705	10553	7	5283
706	5295	8	10572
707	10565	5289	8
708	10565	11	5291
709	9	5289	10563
710	16	10576	5297
711	23	5303	10578
712	5288	6	10564
713	11	5288	10562
714	5292	10569	14
715	6	10563	5288
716	7	10575	5295
717	5294	12	10573
718	7	10576	5293
719	5292	10575	7
720	10563	4	5288
721	5292	10571	7
722	5	5291	10569
723	5291	5	10570
724	10580	12	5299
725	5298	10577	11
726	10586	5307	22
727	5	5289	10566
728	18	10580	5301
729	5292	15	10569
730	9	10571	5293
731	5287	3	10566
732	5292	8	10573
733	16	10583	5296
734	4	5290	10569
735	12	5294	10572
736	10572	10	5292
737	5291	4	10570
738	5292	10570	9
739	5293	7	10574
740	5290	6	10569
741	7	5294	10573
742	5286	3	10565
743	5292	10571	8
744	5288	10560	8
745	10590	28	5313
746	5293	10	10572
747	15	5289	10559
748	10551	5282	9
749	10576	14	5295
750	5284	3	10565
751	10574	9	5296
752	9	5295	10575
753	5290	6	10575
754	5303	22	10584
755	5291	8	10570
756	11	10582	5298
757	16	5300	10576
758	5293	9	10566
759	10542	7	5277
760	9	5289	10561
761	8	10560	5286
762	10554	4	5282
763	9	5287	10559
764	10560	9	5286
765	10569	14	5295
766	5284	5	10558
767	10567	5294	10
768	5288	10560	11
769	5286	5	10565
770	18	10580	5303
771	5291	10574	8
772	3	10570	5287
773	5295	7	10572
774	5299	12	10578
775	9	5298	10577
776	7	10572	5294
777	5293	7	10578
778	5295	10577	7
779	5	10570	5289
780	5	5289	10574
781	5289	8	10566
782	5293	10	10570
783	5299	13	10577
784	11	5290	10566
785	14	10568	5291
786	10569	5293	12
787	10558	7	5286
788	3	5283	10562
789	5286	10565	9
790	9	10561	5288
791	10561	5286	8
792	10564	16	5295
793	7	5287	10565
794	5283	3	10563
795	7	10717	5287
796	5285	7	10563
797	10560	3	5281
798	7	5287	10563
799	5282	10559	3
800	11	5295	10569
801	7	10561	5286
802	3	5284	10555
803	5293	5	10574
804	10564	5288	5
805	5286	10562	7
806	10561	9	5289
807	5284	6	10556
808	10555	3	5279
809	10575	8	5294
810	10568	9	5292
811	7	10550	5283
812	10546	10	5280
813	5298	18	10579
814	10570	5290	9
815	10564	5288	9
816	8	5293	10576
817	5290	10568	7
818	5292	10577	11
819	5289	9	10568
820	10569	5292	5
821	10573	10	5297
822	10558	5	5286
823	10582	5307	24
824	8	10556	5284
825	5294	10569	16
826	5432	10709	5
827	10556	5282	4
828	7	10566	5290
829	10562	5288	9
830	7	10560	5287
831	5	5289	10569
832	7	5287	10563
833	5280	10552	4
834	10545	5279	7
835	5291	18	10561
836	7	5288	10563
837	5310	25	10589
838	5	10569	5291
839	10548	7	5278
840	7	5294	10574
841	10570	5290	7
842	3	10567	5289
843	3	5287	10568
844	5292	10579	5
845	3	10573	5293
846	5290	10569	9
847	10720	5288	7
848	10590	24	5306
849	5290	9	10571
850	10583	5298	7
851	7	10577	5294
852	11	5288	10569
853	5294	10575	9
854	12	5296	10576
855	10577	9	5294
856	9	10573	5294
857	5282	5	10557
858	5288	10570	9
859	3	5286	10565
860	11	5291	10571
861	6	5283	10551
862	6	10572	5291
863	5291	9	10568
864	4	5286	10566
865	6	10581	5296
866	10567	5288	5
867	10572	10	5293
868	10	5300	10584
869	10577	5294	7
870	9	5294	10575
871	10577	5294	5
872	8	5296	10576
873	5	10565	5288
874	5288	4	10568
875	10562	5286	3
876	5290	10566	7
877	9	10574	5295
878	10569	9	5292
879	3	10560	5285
880	5286	3	10565
881	10569	5288	7
882	5290	10567	10
883	25	5308	10590
884	10563	3	5285
885	10570	3	5289
886	10570	9	5291
887	5295	10577	9
888	10565	6	5286
889	5292	11	10571
890	5279	6	10551
891	10	10574	5295
892	9	10569	5291
893	5299	10578	14
894	10566	3	5285
895	4	10570	5291
896	5296	9	10577
897	10734	5449	11
898	10570	7	5291
899	5292	10567	7
900	6	5296	10579
901	10565	9	5288
902	10	5296	10578
903	8	10575	5294
904	5289	7	10568
905	5288	10566	5
906	5	10580	5297
907	10547	5	5277
908	5293	10573	3
909	4	10564	5287
910	5292	10575	9
911	10573	5292	9
912	7	10569	5288
913	10568	9	5291
914	5306	20	10584
915	5	5290	10570
916	3	5285	10562
917	5	10563	5287
918	5303	10581	24
919	4	5286	10563
920	3	10562	5284
921	3	5287	10566
922	10564	5290	10
923	10560	10	5289
924	5292	10569	11
925	5290	8	10570
926	5281	3	10557
927	8	5290	10564
928	10562	5288	8
929	9	5289	10570
930	3	5284	10559
931	10568	14	5293
932	9	5289	10566
933	7	10565	5288
934	5286	10559	4
935	10	10563	5287
936	10565	5290	10
937	16	5295	10567
938	9	5285	10562
939	10575	20	5298
940	10560	5284	5
941	10563	5288	3
942	10563	8	5288
943	10558	7	5284
944	5285	5	10557
945	10558	5286	9
946	10559	3	5282
947	5286	11	10564
948	5289	11	10563
949	10561	23	5296
950	6	5278	10546
951	5288	10570	3
952	5289	11	10566
953	5286	4	10562
954	4	10568	5288
955	10577	5297	12
956	10559	5284	4
957	10566	9	5289
958	10569	8	5290
959	5292	7	10575
960	5291	3	10568
961	7	5289	10565
962	7	10546	5280
963	7	10572	5292
964	5	5289	10568
965	10564	9	5289
966	5288	4	10566
967	5288	10562	7
968	5289	7	10570
969	8	10572	5294
970	10545	5277	3
971	5290	10571	3
972	10568	9	5291
973	5294	10565	10
974	3	5284	10560
975	5284	3	10565
976	5292	10573	11
977	10570	4	5293
978	7	5279	10549
979	7	5293	10570
980	10581	5303	20
981	5287	10562	7
982	10563	3	5291
983	3	10558	5284
984	10559	5284	6
985	10561	3	5285
986	10561	5284	3
987	10564	5288	7
988	5	10545	5277
989	5290	11	10567
990	10575	16	5296
991	10548	5278	6
992	10563	6	5287
993	5292	10	10566
994	7	5288	10567
995	7	5291	10568
996	5288	10565	6
997	10561	3	5287
998	5288	10565	6
999	10560	5284	3

