Reaction test v3
type	A+B+C
number	1000

max value	65536
unit	us

test	A	B	C
0	38	62	3
1	38	61	14
2	40	61	14
3	38	61	14
4	38	62	15
5	38	62	14
6	38	62	14
7	38	61	14
8	38	62	15
9	38	62	14
10	38	62	15
11	38	62	14
12	40	62	14
13	38	62	14
14	38	60	15
15	38	62	14
16	38	61	14
17	38	62	14
18	38	62	15
19	38	62	14
20	38	62	14
21	38	62	14
22	38	62	14
23	38	62	14
24	38	62	14
25	38	62	15
26	38	62	14
27	38	61	14
28	38	62	15
29	38	62	14
30	38	62	14
31	38	62	14
32	38	62	14
33	38	62	14
34	38	61	14
35	38	61	14
36	38	62	14
37	38	62	14
38	38	62	14
39	38	62	15
40	38	62	15
41	38	62	14
42	38	61	14
43	38	62	14
44	38	61	14
45	38	61	14
46	38	62	15
47	38	62	15
48	38	61	14
49	38	62	15
50	38	61	14
51	38	62	14
52	40	62	14
53	38	62	15
54	38	62	15
55	38	62	14
56	38	62	15
57	38	62	14
58	38	62	14
59	38	62	15
60	38	61	14
61	38	62	14
62	38	62	14
63	38	61	14
64	38	61	14
65	38	61	14
66	38	62	14
67	38	62	14
68	38	62	14
69	38	62	15
70	38	62	14
71	38	61	14
72	38	62	14
73	38	62	14
74	38	62	15
75	38	61	14
76	38	62	15
77	38	62	14
78	38	62	14
79	38	62	14
80	38	62	14
81	38	62	14
82	38	62	14
83	38	62	14
84	38	61	14
85	38	62	15
86	38	61	14
87	38	61	14
88	38	62	15
89	38	62	14
90	38	62	14
91	38	61	14
92	38	61	14
93	38	62	14
94	38	61	14
95	38	62	14
96	38	62	14
97	38	61	14
98	38	61	14
99	38	61	14
100	38	62	14
101	38	62	14
102	38	62	15
103	38	62	15
104	38	61	14
105	38	62	14
106	38	62	15
107	38	62	15
108	38	62	14
109	38	62	14
110	38	62	14
111	38	62	14
112	38	62	14
113	38	62	15
114	38	62	14
115	38	61	14
116	38	62	14
117	38	62	15
118	38	62	14
119	38	62	15
120	38	61	14
121	38	61	14
122	38	62	14
123	38	62	14
124	38	62	15
125	38	62	14
126	38	62	14
127	38	62	14
128	38	61	14
129	38	62	15
130	38	62	14
131	38	61	14
132	38	62	14
133	38	62	15
134	38	61	14
135	38	62	14
136	38	62	15
137	38	62	15
138	38	62	14
139	38	62	14
140	38	62	15
141	38	62	14
142	38	62	15
143	38	61	14
144	38	61	14
145	38	62	14
146	38	61	14
147	38	62	14
148	38	61	14
149	38	62	14
150	38	62	15
151	38	62	15
152	38	61	14
153	38	62	14
154	38	62	15
155	38	61	14
156	38	62	14
157	38	62	14
158	38	62	15
159	38	62	14
160	38	62	14
161	38	62	14
162	38	62	14
163	38	62	14
164	38	62	14
165	38	62	15
166	38	62	15
167	38	62	14
168	38	62	14
169	38	62	14
170	38	62	15
171	38	62	14
172	38	61	14
173	38	62	14
174	38	62	15
175	38	62	15
176	38	62	14
177	38	62	15
178	38	62	14
179	38	62	14
180	38	62	14
181	38	62	14
182	38	62	14
183	38	62	15
184	38	62	14
185	38	61	14
186	38	62	14
187	38	62	14
188	38	62	14
189	38	62	14
190	38	62	15
191	38	62	14
192	38	61	14
193	38	62	14
194	38	62	14
195	38	62	15
196	38	61	14
197	38	62	15
198	38	61	14
199	38	62	14
200	38	62	14
201	38	61	14
202	38	62	15
203	38	61	14
204	38	62	14
205	38	62	14
206	38	62	14
207	38	62	14
208	38	62	14
209	38	62	15
210	38	61	14
211	38	62	14
212	38	62	14
213	38	62	14
214	38	62	15
215	38	61	14
216	38	62	14
217	38	62	14
218	38	62	15
219	38	62	15
220	38	62	14
221	38	62	15
222	38	61	14
223	38	62	15
224	38	62	14
225	38	62	15
226	38	62	14
227	38	62	14
228	38	62	15
229	38	62	15
230	38	62	15
231	38	62	14
232	38	62	15
233	38	62	14
234	38	62	15
235	38	62	15
236	38	62	15
237	38	62	14
238	38	61	14
239	38	61	14
240	38	62	14
241	38	61	14
242	38	62	14
243	38	62	14
244	38	61	14
245	38	61	14
246	38	62	14
247	38	62	15
248	38	62	15
249	38	62	14
250	38	62	15
251	38	62	15
252	38	61	14
253	38	62	15
254	38	62	14
255	38	62	14
256	40	62	14
257	38	62	15
258	38	62	14
259	38	61	14
260	38	61	14
261	38	62	15
262	38	61	14
263	38	62	14
264	38	62	14
265	38	62	14
266	38	62	14
267	38	62	14
268	38	62	14
269	38	62	15
270	38	62	14
271	38	62	14
272	38	62	14
273	38	62	14
274	38	62	14
275	38	62	15
276	38	62	14
277	38	62	14
278	38	62	15
279	38	62	15
280	38	62	15
281	38	62	14
282	38	61	14
283	38	62	15
284	38	62	14
285	38	62	14
286	38	61	14
287	38	62	14
288	38	62	14
289	38	61	14
290	38	61	14
291	38	62	14
292	38	62	15
293	38	62	15
294	38	62	14
295	38	62	14
296	38	62	14
297	38	62	14
298	38	62	14
299	38	62	15
300	38	62	14
301	38	61	14
302	38	62	15
303	38	62	14
304	38	62	15
305	38	61	14
306	38	62	14
307	38	62	14
308	38	62	14
309	38	62	14
310	38	62	14
311	38	62	14
312	38	62	14
313	38	62	15
314	38	62	14
315	38	61	14
316	38	61	14
317	38	62	14
318	38	62	14
319	38	62	14
320	38	61	14
321	38	62	15
322	38	61	14
323	38	62	14
324	38	62	15
325	38	62	14
326	38	61	14
327	38	62	14
328	38	61	14
329	38	62	14
330	38	62	14
331	38	62	14
332	40	62	14
333	38	62	14
334	38	61	14
335	38	62	15
336	38	62	15
337	40	62	14
338	38	62	14
339	38	61	14
340	38	62	14
341	38	62	14
342	38	61	14
343	38	61	14
344	38	62	15
345	40	61	14
346	38	61	14
347	38	61	14
348	38	61	14
349	38	62	14
350	38	62	14
351	38	62	14
352	38	62	15
353	38	62	14
354	38	62	15
355	38	62	14
356	38	62	14
357	38	62	15
358	38	62	14
359	38	62	14
360	38	62	15
361	38	61	14
362	38	61	14
363	38	62	15
364	38	61	14
365	38	62	15
366	38	61	14
367	38	62	14
368	38	62	15
369	38	62	14
370	38	62	14
371	38	62	14
372	38	62	15
373	38	61	14
374	38	62	14
375	38	61	14
376	38	61	14
377	38	62	14
378	38	62	14
379	38	62	14
380	38	62	14
381	38	61	14
382	38	62	14
383	38	61	14
384	38	62	14
385	38	62	14
386	38	61	14
387	38	62	15
388	38	62	14
389	38	62	14
390	38	61	14
391	38	62	15
392	38	62	14
393	38	62	14
394	38	62	14
395	38	62	15
396	38	62	14
397	38	62	14
398	38	62	15
399	38	62	14
400	38	62	15
401	38	62	15
402	38	61	14
403	38	62	14
404	38	62	14
405	38	62	14
406	38	62	14
407	38	61	14
408	38	62	14
409	38	62	14
410	38	62	15
411	38	62	14
412	38	61	14
413	38	61	14
414	38	62	14
415	38	62	14
416	38	62	15
417	38	62	15
418	38	62	14
419	38	62	15
420	38	62	15
421	38	62	14
422	38	61	14
423	38	61	14
424	38	62	14
425	38	61	14
426	38	62	14
427	38	62	15
428	38	62	14
429	38	62	14
430	38	62	14
431	38	62	15
432	38	62	14
433	38	62	14
434	38	62	15
435	38	61	14
436	38	62	15
437	38	62	15
438	38	61	14
439	38	61	14
440	38	61	14
441	38	62	14
442	38	62	15
443	38	62	15
444	38	61	14
445	38	62	14
446	38	61	14
447	38	62	14
448	38	62	14
449	38	61	14
450	38	61	14
451	38	62	14
452	38	62	15
453	38	62	14
454	38	61	14
455	38	61	14
456	38	61	14
457	38	62	14
458	38	62	14
459	38	62	14
460	38	62	14
461	38	61	14
462	38	62	15
463	38	62	14
464	38	62	14
465	38	62	15
466	38	61	14
467	38	62	14
468	38	61	14
469	38	62	15
470	40	62	14
471	38	62	15
472	38	61	14
473	38	62	15
474	38	62	15
475	38	62	14
476	38	61	14
477	38	62	15
478	38	62	15
479	38	62	14
480	38	62	14
481	38	62	15
482	38	62	14
483	38	62	14
484	38	61	14
485	38	62	14
486	38	62	15
487	38	62	14
488	38	62	15
489	38	62	14
490	38	61	14
491	38	61	14
492	38	62	15
493	38	61	14
494	38	61	14
495	38	62	14
496	38	62	14
497	38	62	14
498	38	62	14
499	38	62	15
500	38	61	14
501	38	62	15
502	38	62	14
503	38	62	15
504	38	62	14
505	38	61	14
506	38	62	15
507	38	62	14
508	38	62	14
509	38	61	14
510	38	61	14
511	38	61	14
512	38	62	14
513	38	62	14
514	38	62	15
515	38	62	14
516	38	61	14
517	38	62	14
518	38	61	14
519	38	62	14
520	38	62	14
521	38	62	14
522	38	61	14
523	38	62	14
524	38	62	14
525	38	62	14
526	38	62	14
527	38	61	14
528	38	61	14
529	38	62	14
530	38	61	14
531	38	61	14
532	38	62	14
533	38	62	14
534	38	62	15
535	38	61	14
536	38	62	14
537	38	62	15
538	38	62	15
539	38	62	15
540	38	62	14
541	38	62	14
542	38	62	15
543	38	62	14
544	38	61	14
545	38	61	14
546	38	62	14
547	38	62	14
548	38	61	14
549	38	62	14
550	38	62	14
551	38	62	14
552	38	61	14
553	38	62	14
554	38	62	15
555	38	61	14
556	38	62	14
557	38	62	15
558	38	62	14
559	38	62	14
560	38	62	14
561	38	62	15
562	38	62	14
563	40	61	14
564	38	62	15
565	38	62	14
566	38	62	15
567	38	62	15
568	38	61	14
569	38	61	14
570	38	62	14
571	38	62	14
572	38	61	14
573	38	62	14
574	38	62	14
575	38	62	15
576	38	62	15
577	38	61	14
578	38	62	14
579	38	62	14
580	38	62	15
581	38	62	14
582	38	62	15
583	38	62	14
584	38	62	14
585	38	61	14
586	38	62	15
587	38	62	15
588	38	62	14
589	38	62	15
590	38	61	14
591	38	61	14
592	38	62	15
593	38	62	15
594	38	62	14
595	38	62	15
596	38	61	14
597	38	62	14
598	38	62	14
599	38	62	14
600	38	61	14
601	38	62	15
602	38	61	14
603	38	62	14
604	38	62	14
605	38	62	14
606	38	62	14
607	38	62	15
608	38	61	14
609	38	62	15
610	38	62	14
611	38	61	14
612	38	61	14
613	38	61	14
614	38	62	15
615	38	61	14
616	38	61	14
617	38	62	14
618	38	61	14
619	38	62	14
620	38	61	14
621	38	61	14
622	38	62	14
623	38	62	14
624	38	61	14
625	38	62	15
626	38	62	14
627	38	61	14
628	38	62	15
629	38	61	14
630	38	62	14
631	38	62	14
632	38	62	15
633	38	62	15
634	38	62	14
635	38	62	15
636	38	62	14
637	38	61	14
638	38	61	14
639	38	62	14
640	38	62	14
641	38	61	14
642	38	62	14
643	38	62	15
644	38	62	14
645	38	62	14
646	38	62	14
647	38	62	15
648	38	62	14
649	38	61	14
650	38	62	14
651	38	61	14
652	38	62	14
653	38	62	15
654	38	62	15
655	38	62	14
656	38	62	14
657	38	62	14
658	38	61	14
659	38	62	14
660	38	61	14
661	38	61	14
662	38	62	14
663	38	62	14
664	38	62	15
665	38	62	14
666	38	62	14
667	38	62	15
668	38	62	15
669	38	62	14
670	38	61	14
671	38	62	15
672	38	62	14
673	38	62	14
674	38	62	15
675	38	62	14
676	38	62	14
677	38	62	14
678	38	62	14
679	38	61	14
680	38	61	14
681	38	61	14
682	38	62	14
683	38	61	14
684	38	62	15
685	38	62	15
686	38	62	14
687	38	62	14
688	38	62	14
689	38	62	15
690	38	61	14
691	38	62	14
692	38	61	14
693	38	62	15
694	38	62	14
695	38	62	14
696	38	62	14
697	38	62	15
698	38	61	14
699	38	62	15
700	38	62	14
701	38	62	14
702	38	62	14
703	38	61	14
704	38	62	15
705	38	62	14
706	38	62	14
707	38	61	14
708	38	61	14
709	38	62	14
710	38	62	14
711	38	62	14
712	38	62	14
713	38	61	14
714	38	62	14
715	38	61	14
716	38	62	14
717	38	62	15
718	38	62	15
719	38	62	14
720	38	62	15
721	38	62	14
722	38	61	14
723	38	62	14
724	38	62	14
725	38	62	15
726	38	62	15
727	38	61	14
728	38	62	15
729	38	62	14
730	38	62	14
731	38	62	14
732	38	62	14
733	38	61	14
734	38	62	14
735	38	61	14
736	38	62	14
737	38	61	14
738	38	61	14
739	38	62	15
740	38	62	14
741	38	62	14
742	38	61	14
743	38	62	15
744	38	62	14
745	38	61	14
746	38	62	14
747	38	62	15
748	38	62	15
749	38	62	15
750	38	62	15
751	38	62	14
752	38	61	14
753	40	62	14
754	38	62	14
755	38	62	15
756	38	61	14
757	38	62	15
758	38	62	14
759	38	62	14
760	38	62	15
761	38	62	15
762	38	62	14
763	38	61	14
764	38	61	14
765	40	62	15
766	38	62	14
767	38	62	14
768	38	62	14
769	38	62	15
770	38	62	14
771	38	62	14
772	38	62	14
773	38	61	14
774	38	62	15
775	38	62	14
776	38	61	14
777	38	62	15
778	38	62	14
779	38	62	14
780	38	62	15
781	38	62	14
782	38	62	14
783	38	62	15
784	38	61	14
785	38	61	14
786	38	61	14
787	38	62	14
788	38	62	15
789	38	62	14
790	38	62	15
791	38	62	15
792	38	62	14
793	38	62	14
794	38	62	14
795	38	62	15
796	38	61	14
797	38	62	14
798	38	62	14
799	38	61	14
800	38	61	14
801	38	62	14
802	38	62	15
803	38	62	15
804	38	62	15
805	38	62	15
806	38	62	14
807	38	61	14
808	38	62	14
809	38	62	14
810	38	61	14
811	38	62	14
812	38	62	15
813	38	61	14
814	38	62	15
815	38	62	14
816	38	62	15
817	38	62	14
818	38	62	14
819	38	62	14
820	38	62	14
821	38	62	14
822	38	61	14
823	38	62	14
824	38	62	14
825	38	62	14
826	38	61	14
827	38	61	14
828	38	62	14
829	38	62	15
830	38	62	14
831	38	62	14
832	38	62	14
833	38	62	14
834	38	62	14
835	38	62	14
836	38	62	14
837	40	62	14
838	38	62	15
839	38	61	14
840	38	62	14
841	38	61	14
842	40	62	14
843	38	62	15
844	38	62	14
845	39	61	14
846	38	61	14
847	38	62	14
848	38	62	14
849	38	62	15
850	38	62	14
851	38	62	14
852	38	62	15
853	38	62	14
854	38	62	14
855	38	62	15
856	38	62	14
857	38	61	14
858	38	62	14
859	38	62	14
860	38	62	14
861	38	62	14
862	38	61	14
863	38	62	14
864	38	61	14
865	38	62	15
866	38	61	14
867	38	62	14
868	38	62	14
869	38	62	15
870	38	62	14
871	38	62	14
872	38	62	14
873	38	62	14
874	38	62	15
875	38	62	14
876	38	62	14
877	38	61	14
878	38	62	14
879	38	62	14
880	38	62	15
881	38	62	15
882	38	62	14
883	38	62	14
884	38	61	14
885	38	62	14
886	40	62	14
887	38	62	14
888	38	62	14
889	38	62	14
890	38	61	14
891	38	61	14
892	38	62	14
893	38	62	14
894	38	62	14
895	38	62	15
896	38	61	14
897	38	62	15
898	38	62	14
899	38	62	14
900	38	62	14
901	38	62	14
902	38	62	15
903	38	62	14
904	38	62	14
905	38	62	14
906	38	61	14
907	38	62	14
908	38	62	14
909	38	62	15
910	38	61	14
911	38	62	14
912	38	62	15
913	38	62	15
914	38	61	14
915	38	62	14
916	38	62	14
917	38	62	15
918	38	62	14
919	40	62	14
920	38	61	14
921	38	61	14
922	38	62	14
923	38	62	14
924	38	62	14
925	38	62	15
926	38	62	15
927	38	61	14
928	38	62	14
929	38	62	14
930	38	62	15
931	38	61	14
932	38	62	14
933	38	62	14
934	38	62	15
935	38	62	15
936	38	62	14
937	38	61	14
938	38	62	14
939	38	61	14
940	38	62	14
941	38	62	14
942	38	61	14
943	38	61	14
944	38	62	14
945	38	61	14
946	38	61	14
947	38	62	14
948	38	61	14
949	38	62	15
950	38	62	14
951	38	62	14
952	38	62	14
953	38	62	14
954	38	62	14
955	38	62	14
956	38	61	14
957	38	61	14
958	38	61	14
959	38	62	15
960	38	62	15
961	38	62	14
962	38	62	14
963	38	62	14
964	38	61	14
965	38	62	15
966	38	61	14
967	38	61	14
968	38	62	14
969	38	61	14
970	38	62	14
971	38	62	14
972	38	62	14
973	38	61	14
974	38	61	14
975	38	62	15
976	38	62	14
977	38	62	14
978	38	62	14
979	38	62	14
980	38	61	14
981	38	62	14
982	38	62	15
983	38	62	14
984	38	62	14
985	38	61	14
986	38	62	14
987	38	62	15
988	38	62	15
989	38	61	14
990	38	62	14
991	38	61	14
992	38	62	14
993	38	62	15
994	38	62	15
995	38	62	14
996	38	62	15
997	38	61	14
998	38	62	15
999	38	62	14