Reaction test v3
type	A+B+C
number	1000

max value	65536
unit	us

test	A	B	C
0	11	155	3
1	13	154	180
2	13	155	180
3	12	154	180
4	12	154	180
5	13	155	180
6	12	154	180
7	12	154	180
8	12	154	180
9	13	155	180
10	12	154	180
11	12	154	179
12	12	154	180
13	12	154	180
14	13	155	180
15	12	154	180
16	13	154	180
17	13	155	180
18	12	154	179
19	12	154	180
20	12	154	179
21	12	154	180
22	12	154	180
23	12	154	180
24	13	155	180
25	13	155	180
26	12	154	180
27	12	154	180
28	13	155	180
29	13	154	180
30	13	154	180
31	13	155	180
32	13	155	180
33	13	154	180
34	13	155	180
35	12	154	180
36	13	155	180
37	13	154	180
38	13	154	180
39	12	154	180
40	12	154	179
41	12	154	180
42	12	154	180
43	12	154	180
44	13	155	180
45	13	155	180
46	12	154	180
47	13	154	180
48	13	154	180
49	12	154	179
50	12	154	180
51	12	154	180
52	12	154	179
53	13	154	180
54	12	154	180
55	13	154	180
56	12	154	180
57	13	155	180
58	12	154	180
59	12	154	180
60	13	154	180
61	12	154	180
62	12	154	180
63	12	154	180
64	13	154	180
65	12	154	180
66	12	154	179
67	12	154	180
68	13	155	180
69	12	154	180
70	12	154	180
71	12	154	180
72	13	155	180
73	12	154	179
74	12	154	180
75	12	154	180
76	13	154	180
77	12	154	180
78	12	154	179
79	12	154	180
80	13	154	180
81	13	155	180
82	12	154	180
83	12	154	180
84	12	154	180
85	12	154	180
86	13	155	180
87	12	154	179
88	13	154	180
89	12	154	180
90	13	155	180
91	13	155	180
92	13	154	180
93	13	155	180
94	12	154	179
95	12	154	180
96	12	154	180
97	12	154	180
98	12	154	180
99	12	154	180
100	12	154	179
101	13	154	180
102	12	154	180
103	13	154	180
104	13	154	180
105	13	155	180
106	13	155	180
107	13	155	180
108	13	155	180
109	13	154	180
110	12	154	180
111	12	154	180
112	12	154	180
113	12	154	180
114	12	154	180
115	12	154	180
116	12	154	180
117	13	155	180
118	12	154	179
119	12	154	180
120	12	154	180
121	13	155	180
122	13	155	180
123	13	155	180
124	13	155	180
125	13	155	180
126	13	155	180
127	12	154	180
128	13	155	180
129	13	154	180
130	13	154	180
131	13	155	180
132	12	154	179
133	12	154	179
134	13	154	180
135	12	154	180
136	12	154	180
137	13	155	180
138	13	155	180
139	12	154	180
140	12	154	179
141	12	154	180
142	12	154	180
143	12	154	180
144	12	154	180
145	12	154	180
146	13	155	180
147	12	154	179
148	12	154	180
149	12	154	179
150	13	154	180
151	12	154	180
152	13	154	180
153	12	154	179
154	12	154	179
155	13	154	180
156	13	155	180
157	12	154	180
158	12	154	180
159	13	155	180
160	12	154	180
161	13	155	180
162	12	154	180
163	12	154	180
164	12	154	179
165	13	154	180
166	12	154	180
167	12	154	179
168	12	154	180
169	12	154	179
170	12	154	180
171	12	154	180
172	12	154	180
173	13	155	180
174	12	154	180
175	12	154	179
176	13	155	180
177	13	154	180
178	13	155	180
179	12	154	180
180	12	154	180
181	12	154	179
182	12	154	180
183	12	154	180
184	13	155	180
185	12	154	179
186	12	154	180
187	12	154	180
188	13	155	180
189	13	155	180
190	12	154	180
191	12	154	180
192	12	154	180
193	13	155	180
194	12	154	180
195	13	155	180
196	13	155	180
197	13	155	180
198	13	154	180
199	12	154	180
200	12	154	180
201	12	154	180
202	13	154	180
203	12	154	180
204	13	154	180
205	12	154	180
206	13	154	180
207	12	154	180
208	12	154	179
209	12	154	180
210	12	154	180
211	13	155	180
212	13	155	180
213	12	154	180
214	12	154	180
215	13	155	180
216	12	154	180
217	13	154	180
218	12	154	180
219	12	154	180
220	12	154	180
221	12	154	180
222	12	154	179
223	12	154	180
224	12	154	179
225	13	155	180
226	12	154	180
227	12	154	180
228	12	154	180
229	12	154	180
230	12	154	179
231	12	154	180
232	12	154	180
233	12	154	180
234	13	155	180
235	12	154	180
236	13	155	180
237	12	154	180
238	13	155	180
239	12	154	180
240	12	154	180
241	13	154	180
242	12	154	180
243	12	152	180
244	12	154	180
245	12	154	180
246	12	154	180
247	12	154	180
248	12	154	180
249	12	154	180
250	13	155	180
251	13	155	180
252	12	154	179
253	12	154	180
254	13	155	180
255	12	154	180
256	13	155	180
257	13	155	180
258	13	155	180
259	12	154	180
260	13	155	180
261	12	154	180
262	12	154	180
263	13	155	180
264	12	154	180
265	12	154	179
266	12	154	179
267	13	154	180
268	12	154	180
269	12	154	179
270	13	154	180
271	12	154	180
272	13	155	180
273	12	154	179
274	12	154	180
275	13	154	180
276	12	154	180
277	13	154	180
278	12	154	180
279	12	154	180
280	12	154	180
281	12	154	180
282	12	154	180
283	12	154	180
284	12	154	180
285	13	155	180
286	13	155	180
287	12	154	180
288	12	154	179
289	13	154	180
290	13	155	180
291	13	155	180
292	12	154	180
293	12	154	180
294	13	155	180
295	12	154	180
296	13	154	180
297	13	155	180
298	13	155	180
299	12	154	180
300	12	154	180
301	12	154	180
302	12	154	180
303	12	154	180
304	12	154	180
305	12	154	180
306	13	155	180
307	12	154	180
308	13	155	180
309	13	154	180
310	13	154	180
311	12	154	180
312	13	154	180
313	13	155	180
314	12	154	180
315	13	155	180
316	12	154	179
317	12	154	180
318	12	154	180
319	12	154	179
320	12	154	180
321	12	154	180
322	12	154	180
323	13	155	180
324	13	154	180
325	13	155	180
326	12	154	180
327	13	155	180
328	13	155	180
329	13	155	180
330	13	155	180
331	13	155	180
332	12	154	180
333	12	154	180
334	12	154	180
335	13	154	180
336	12	154	179
337	12	154	180
338	12	154	180
339	12	154	180
340	12	154	180
341	13	155	180
342	13	155	180
343	12	154	180
344	12	154	180
345	13	155	180
346	12	154	180
347	12	154	180
348	12	154	179
349	12	154	180
350	13	155	180
351	12	154	180
352	12	154	180
353	13	154	180
354	12	154	180
355	12	154	179
356	12	154	179
357	12	154	180
358	12	154	180
359	12	154	179
360	12	154	180
361	13	155	180
362	12	154	179
363	12	154	180
364	12	154	180
365	13	155	180
366	12	154	180
367	12	154	180
368	13	154	180
369	12	154	180
370	12	154	179
371	13	155	180
372	13	155	180
373	12	154	180
374	12	154	180
375	12	154	180
376	13	154	180
377	12	154	179
378	13	154	180
379	12	154	179
380	13	155	180
381	13	155	180
382	12	154	180
383	13	155	180
384	12	154	180
385	12	154	180
386	13	155	180
387	12	154	180
388	12	154	179
389	13	154	180
390	13	155	180
391	12	154	179
392	12	154	180
393	12	154	180
394	12	154	180
395	13	155	180
396	13	154	180
397	12	154	180
398	12	154	180
399	13	155	180
400	12	154	180
401	12	154	180
402	12	154	180
403	12	154	180
404	12	154	180
405	13	154	180
406	12	154	179
407	13	155	180
408	12	154	180
409	13	155	180
410	12	154	180
411	13	155	180
412	12	154	180
413	12	154	180
414	13	155	180
415	12	154	179
416	12	154	180
417	12	154	179
418	12	154	180
419	12	154	180
420	12	154	179
421	12	154	180
422	13	154	180
423	12	154	180
424	12	154	179
425	12	154	180
426	12	154	180
427	13	155	180
428	13	155	180
429	12	154	180
430	12	154	180
431	12	154	180
432	12	154	179
433	13	155	180
434	13	154	180
435	12	154	180
436	12	154	180
437	12	154	180
438	12	154	180
439	13	155	180
440	12	154	180
441	13	154	180
442	12	154	180
443	12	154	180
444	12	154	180
445	13	155	180
446	12	154	180
447	13	154	180
448	12	154	180
449	13	154	180
450	13	155	180
451	13	155	180
452	13	155	180
453	13	155	180
454	12	154	179
455	13	155	180
456	13	155	180
457	12	154	179
458	12	154	179
459	12	154	180
460	12	154	180
461	13	154	180
462	13	155	180
463	12	154	180
464	13	154	180
465	12	154	179
466	12	154	180
467	13	154	180
468	12	154	180
469	12	154	180
470	12	154	180
471	12	154	180
472	12	154	180
473	12	154	180
474	12	154	180
475	12	154	180
476	12	154	180
477	12	154	180
478	12	154	180
479	13	155	180
480	13	155	180
481	13	155	180
482	12	154	180
483	12	154	180
484	12	154	180
485	12	154	180
486	12	154	179
487	12	154	180
488	13	155	180
489	12	154	180
490	13	155	180
491	12	154	180
492	12	154	179
493	12	154	180
494	12	154	180
495	13	155	180
496	12	154	179
497	12	154	180
498	13	155	180
499	13	155	180
500	12	154	179
501	13	155	180
502	12	154	180
503	12	154	179
504	12	154	180
505	13	155	180
506	12	154	180
507	12	154	180
508	13	155	180
509	12	154	179
510	13	155	180
511	12	154	180
512	12	154	180
513	12	154	180
514	13	155	180
515	13	154	180
516	13	155	180
517	13	155	180
518	12	154	180
519	12	154	180
520	12	154	180
521	13	155	180
522	12	154	180
523	12	154	180
524	12	154	180
525	13	155	180
526	12	154	180
527	12	154	180
528	13	155	180
529	12	154	179
530	13	155	180
531	12	154	180
532	13	155	180
533	12	154	179
534	12	154	180
535	13	154	180
536	12	154	180
537	12	154	180
538	12	154	180
539	13	155	180
540	13	155	180
541	12	154	179
542	12	154	180
543	12	154	180
544	13	155	180
545	12	154	180
546	12	154	180
547	12	154	179
548	12	154	179
549	12	154	180
550	12	154	180
551	12	154	180
552	12	154	180
553	12	154	180
554	12	154	179
555	13	154	180
556	12	154	180
557	13	155	180
558	12	154	179
559	13	154	180
560	13	154	180
561	12	154	179
562	12	154	180
563	13	155	180
564	13	155	180
565	13	155	180
566	12	154	179
567	13	154	180
568	12	154	180
569	13	155	180
570	13	155	180
571	13	155	180
572	13	155	180
573	12	154	180
574	12	154	180
575	12	154	179
576	12	154	180
577	12	154	180
578	12	154	180
579	12	154	180
580	12	154	180
581	12	154	179
582	13	154	180
583	13	155	180
584	12	154	180
585	13	155	180
586	13	155	180
587	12	154	179
588	12	154	180
589	12	154	180
590	13	155	180
591	13	154	180
592	13	154	180
593	13	155	180
594	12	154	180
595	13	155	180
596	12	154	180
597	13	154	180
598	12	154	180
599	13	155	180
600	13	155	180
601	12	154	180
602	12	154	180
603	12	154	180
604	13	155	180
605	12	154	180
606	12	154	180
607	12	154	180
608	12	154	180
609	12	154	180
610	12	154	180
611	12	154	180
612	13	154	180
613	13	154	180
614	13	155	180
615	13	155	180
616	13	155	180
617	12	154	180
618	12	154	180
619	13	155	180
620	12	154	180
621	13	154	180
622	12	154	180
623	13	155	180
624	12	154	180
625	13	154	180
626	12	154	180
627	12	154	180
628	13	154	180
629	12	154	179
630	13	155	180
631	12	154	179
632	12	154	180
633	12	154	180
634	13	155	180
635	12	154	180
636	13	155	180
637	12	154	180
638	13	155	180
639	13	154	180
640	13	154	180
641	12	154	179
642	13	155	180
643	12	154	180
644	13	155	180
645	13	155	180
646	12	154	180
647	12	154	180
648	12	154	179
649	13	155	180
650	13	155	180
651	13	154	180
652	12	154	180
653	12	154	180
654	13	155	180
655	12	154	180
656	13	155	180
657	13	155	180
658	12	154	180
659	12	154	180
660	12	154	180
661	12	154	180
662	13	155	180
663	12	154	180
664	13	155	180
665	12	154	180
666	13	155	180
667	12	154	180
668	12	154	180
669	13	155	180
670	12	154	180
671	12	154	180
672	12	154	180
673	12	154	179
674	13	155	180
675	12	154	180
676	13	155	180
677	12	154	180
678	12	154	180
679	12	154	180
680	12	154	180
681	12	154	179
682	12	154	180
683	13	154	180
684	12	154	179
685	12	154	180
686	12	154	180
687	12	154	180
688	12	154	180
689	13	155	180
690	12	154	180
691	12	154	179
692	12	154	179
693	12	154	179
694	13	154	180
695	13	155	180
696	13	155	180
697	13	154	180
698	12	154	180
699	12	154	180
700	13	154	180
701	13	155	180
702	13	155	180
703	13	154	180
704	12	154	179
705	12	154	179
706	12	154	180
707	13	154	180
708	13	155	180
709	12	154	180
710	13	154	180
711	12	154	180
712	12	154	180
713	12	154	180
714	13	154	180
715	12	154	180
716	13	155	180
717	12	154	180
718	13	155	180
719	12	154	180
720	12	154	180
721	12	154	180
722	13	155	180
723	13	155	180
724	12	154	179
725	12	154	180
726	12	154	180
727	13	155	180
728	12	154	180
729	13	154	180
730	12	154	180
731	13	154	180
732	13	155	180
733	13	154	180
734	13	155	180
735	12	154	180
736	13	155	180
737	12	154	180
738	12	154	179
739	13	155	180
740	12	154	180
741	13	155	180
742	12	154	180
743	12	154	180
744	12	154	180
745	13	155	180
746	13	155	180
747	12	154	180
748	13	155	180
749	12	154	180
750	13	154	180
751	12	154	180
752	12	154	180
753	13	154	180
754	13	155	180
755	12	154	179
756	12	154	180
757	13	155	180
758	13	154	180
759	13	155	180
760	12	154	180
761	13	154	180
762	12	154	180
763	12	154	180
764	13	155	180
765	13	155	180
766	12	154	180
767	12	154	180
768	12	154	180
769	13	155	180
770	13	154	180
771	13	155	180
772	12	154	180
773	12	154	179
774	12	154	180
775	12	154	180
776	12	154	179
777	12	154	180
778	12	154	180
779	12	154	180
780	12	154	180
781	13	155	180
782	13	154	180
783	12	154	180
784	12	154	179
785	13	155	180
786	12	154	180
787	13	155	180
788	13	154	180
789	12	154	180
790	13	155	180
791	13	154	180
792	13	155	180
793	12	154	180
794	12	154	179
795	12	154	180
796	12	154	180
797	13	154	180
798	12	154	180
799	13	155	180
800	13	155	180
801	13	155	180
802	12	154	180
803	13	154	180
804	12	154	180
805	13	155	180
806	13	155	180
807	12	154	180
808	12	154	180
809	12	154	180
810	12	154	180
811	13	155	180
812	12	154	179
813	12	154	180
814	12	154	180
815	12	154	180
816	12	154	180
817	12	154	180
818	12	154	180
819	12	154	180
820	12	154	180
821	12	154	180
822	13	154	180
823	13	154	180
824	12	154	180
825	13	155	180
826	12	154	180
827	12	154	180
828	12	154	180
829	12	154	180
830	13	154	180
831	12	154	180
832	13	154	180
833	12	154	180
834	13	155	180
835	12	154	180
836	13	155	180
837	12	154	180
838	13	155	180
839	12	154	180
840	12	154	180
841	12	154	180
842	13	154	180
843	13	154	180
844	12	154	180
845	12	154	180
846	13	155	180
847	13	155	180
848	12	154	180
849	13	155	180
850	12	154	180
851	12	154	179
852	12	154	180
853	12	154	180
854	12	154	180
855	13	155	180
856	12	154	180
857	12	154	180
858	12	154	180
859	13	154	180
860	12	154	180
861	12	154	179
862	12	154	179
863	13	154	180
864	13	154	180
865	12	154	180
866	12	154	180
867	13	155	180
868	12	154	180
869	12	154	180
870	12	154	180
871	13	154	180
872	12	154	180
873	13	155	180
874	13	155	180
875	12	154	180
876	13	155	180
877	12	154	180
878	12	154	179
879	13	155	180
880	12	154	179
881	12	154	180
882	12	154	180
883	12	154	180
884	12	154	180
885	13	155	180
886	13	155	180
887	12	154	180
888	12	154	180
889	13	154	180
890	12	154	180
891	13	155	180
892	13	155	180
893	12	154	180
894	12	154	180
895	12	154	180
896	12	154	180
897	13	155	180
898	13	154	180
899	12	154	180
900	13	154	180
901	13	155	180
902	13	155	180
903	12	154	180
904	12	154	180
905	13	155	180
906	13	155	180
907	13	155	180
908	13	154	180
909	12	154	179
910	13	155	180
911	13	154	180
912	12	154	180
913	12	154	179
914	12	154	180
915	12	154	180
916	12	154	180
917	12	154	179
918	12	154	180
919	13	154	180
920	12	154	180
921	12	154	179
922	13	154	180
923	12	154	180
924	13	154	180
925	12	154	180
926	12	154	180
927	13	154	180
928	12	154	180
929	13	155	180
930	12	154	180
931	13	155	180
932	12	154	180
933	12	154	180
934	12	154	180
935	12	154	180
936	12	154	180
937	13	155	180
938	12	154	179
939	12	154	180
940	12	154	180
941	13	155	180
942	13	155	180
943	12	154	179
944	12	154	179
945	12	154	180
946	13	155	180
947	12	154	180
948	13	155	180
949	12	154	180
950	12	154	179
951	12	154	180
952	12	154	179
953	12	154	180
954	12	154	180
955	12	154	180
956	12	154	180
957	12	154	180
958	12	154	180
959	12	154	180
960	13	155	180
961	12	154	180
962	12	154	180
963	12	154	180
964	13	155	180
965	12	154	180
966	12	154	180
967	12	154	180
968	12	154	180
969	13	154	180
970	13	154	180
971	13	155	180
972	12	154	180
973	12	154	179
974	13	154	180
975	12	154	179
976	13	155	180
977	12	154	180
978	12	154	180
979	12	154	180
980	12	154	180
981	13	154	180
982	12	154	180
983	12	154	180
984	13	154	180
985	12	154	180
986	13	155	180
987	13	155	180
988	12	154	179
989	12	154	180
990	13	155	180
991	12	154	179
992	12	154	180
993	12	154	180
994	12	154	180
995	12	154	180
996	13	154	180
997	12	154	180
998	13	155	180
999	12	154	180
