Reaction test v3
type	A+B+C
number	1000

max value	65536
unit	us

test	A	B	C
0	185	141	3
1	45	185	23
2	45	185	24
3	185	140	164
4	45	185	23
5	24	162	186
6	45	183	24
7	45	183	24
8	45	185	24
9	23	162	187
10	45	183	23
11	24	162	188
12	45	185	23
13	22	162	185
14	23	161	187
15	45	183	24
16	185	140	166
17	22	162	187
18	45	185	24
19	24	162	186
20	183	139	163
21	185	140	165
22	23	161	187
23	183	140	164
24	22	162	185
25	185	140	164
26	23	161	187
27	22	162	188
28	45	185	24
29	183	140	164
30	44	183	23
31	185	140	163
32	22	162	186
33	185	140	166
34	23	161	185
35	45	185	24
36	185	140	164
37	44	183	23
38	21	161	185
39	183	140	163
40	185	140	164
41	45	185	24
42	45	185	23
43	45	185	23
44	21	161	185
45	21	161	185
46	184	139	165
47	185	140	165
48	185	140	164
49	45	185	23
50	21	161	185
51	185	140	163
52	45	185	24
53	184	139	165
54	185	140	166
55	45	185	24
56	21	161	187
57	183	140	164
58	22	162	188
59	185	140	165
60	24	162	188
61	45	185	24
62	185	140	166
63	45	185	24
64	45	185	24
65	45	185	24
66	45	183	24
67	185	140	165
68	24	162	188
69	23	161	187
70	45	185	23
71	22	162	186
72	45	185	24
73	45	185	23
74	185	140	165
75	185	140	163
76	45	185	24
77	185	140	165
78	44	184	23
79	185	140	164
80	22	162	188
81	45	185	24
82	24	162	186
83	45	185	23
84	22	162	188
85	185	140	164
86	23	161	187
87	22	162	187
88	23	161	187
89	45	183	24
90	45	185	24
91	185	140	164
92	22	162	186
93	45	185	24
94	45	185	24
95	45	185	24
96	184	139	163
97	185	140	164
98	22	162	185
99	185	140	164
100	22	162	188
101	22	162	187
102	45	185	24
103	22	162	186
104	45	185	23
105	21	161	185
106	21	161	187
107	183	140	164
108	185	140	164
109	45	185	24
110	185	140	164
111	185	140	165
112	21	161	185
113	185	140	166
114	24	162	186
115	23	161	185
116	22	162	186
117	22	162	186
118	45	183	24
119	185	140	164
120	23	162	187
121	45	185	24
122	45	185	24
123	185	140	164
124	45	185	24
125	24	162	186
126	45	185	23
127	185	140	166
128	185	140	164
129	185	140	163
130	23	161	187
131	24	162	187
132	24	162	187
133	184	139	163
134	24	162	188
135	45	185	24
136	45	185	23
137	185	140	166
138	45	185	24
139	45	183	24
140	185	140	166
141	45	185	24
142	45	183	24
143	184	139	165
144	23	161	187
145	22	162	186
146	185	140	163
147	185	140	165
148	183	140	164
149	45	185	24
150	185	140	165
151	21	161	187
152	24	162	188
153	45	183	24
154	24	162	188
155	185	140	166
156	185	140	166
157	45	185	24
158	45	185	24
159	45	185	23
160	185	140	164
161	24	162	188
162	45	185	24
163	23	161	187
164	185	140	166
165	45	185	24
166	44	184	23
167	185	140	165
168	185	140	164
169	22	162	186
170	185	140	166
171	24	162	187
172	45	185	24
173	45	185	23
174	22	162	185
175	45	185	23
176	45	183	24
177	22	162	185
178	45	185	24
179	22	162	187
180	22	162	187
181	23	161	187
182	22	162	187
183	183	140	164
184	22	162	188
185	45	185	23
186	45	183	24
187	23	161	185
188	22	162	187
189	24	162	187
190	185	140	166
191	22	162	186
192	185	140	166
193	23	162	187
194	185	140	163
195	45	185	23
196	23	162	187
197	24	162	188
198	185	140	165
199	185	140	165
200	185	140	166
201	45	185	24
202	45	185	24
203	45	185	24
204	44	184	23
205	24	162	188
206	23	161	187
207	185	140	166
208	45	183	24
209	45	185	24
210	21	161	185
211	185	140	166
212	185	140	165
213	24	162	187
214	45	185	23
215	45	185	24
216	23	161	187
217	45	185	24
218	185	140	166
219	23	161	187
220	22	162	186
221	185	140	166
222	23	161	187
223	183	140	164
224	45	185	24
225	185	140	166
226	185	140	164
227	45	185	23
228	22	162	186
229	24	162	186
230	45	183	24
231	21	161	187
232	183	140	164
233	24	162	188
234	45	185	24
235	24	162	186
236	185	140	165
237	185	140	165
238	47	183	43
239	23	161	187
240	45	185	24
241	45	185	24
242	23	161	187
243	45	185	24
244	24	162	188
245	45	185	24
246	23	162	187
247	183	140	164
248	185	140	164
249	183	140	164
250	184	139	165
251	45	183	24
252	21	161	187
253	45	185	24
254	45	183	24
255	23	162	187
256	23	161	187
257	45	185	24
258	45	183	24
259	24	162	186
260	45	185	24
261	45	185	24
262	45	185	24
263	45	185	24
264	24	162	185
265	24	162	188
266	185	140	163
267	24	162	188
268	185	140	166
269	45	185	24
270	183	140	163
271	185	140	165
272	183	140	164
273	45	185	23
274	45	185	24
275	22	162	187
276	21	161	185
277	45	185	23
278	44	183	23
279	185	140	163
280	23	162	187
281	23	161	185
282	23	161	187
283	45	185	24
284	45	185	24
285	184	139	165
286	185	140	164
287	22	162	186
288	185	140	165
289	23	161	187
290	45	185	23
291	45	185	24
292	45	185	24
293	45	185	24
294	183	140	163
295	185	140	164
296	24	162	188
297	185	140	165
298	22	162	186
299	185	140	165
300	185	140	166
301	45	185	24
302	183	140	164
303	23	161	187
304	23	161	187
305	45	183	23
306	22	162	187
307	185	140	166
308	45	185	24
309	185	140	163
310	45	185	24
311	185	140	164
312	45	183	24
313	24	162	187
314	23	161	185
315	45	183	24
316	185	140	166
317	21	161	185
318	24	162	185
319	21	161	185
320	45	185	23
321	45	185	23
322	45	185	24
323	22	162	188
324	24	162	188
325	45	185	24
326	183	140	164
327	21	161	185
328	45	185	24
329	185	140	166
330	24	162	188
331	45	185	24
332	45	185	24
333	185	140	166
334	22	162	187
335	185	140	166
336	45	183	23
337	185	140	164
338	24	162	188
339	185	140	163
340	185	140	165
341	185	140	165
342	185	140	166
343	23	161	187
344	45	185	24
345	24	162	188
346	22	162	186
347	185	140	165
348	24	162	186
349	24	162	187
350	183	140	164
351	21	161	185
352	45	185	24
353	183	140	163
354	185	140	165
355	45	183	24
356	23	162	185
357	185	140	163
358	185	140	165
359	45	185	24
360	185	140	166
361	185	140	166
362	185	140	165
363	45	185	24
364	24	162	187
365	22	162	187
366	184	139	165
367	185	140	166
368	183	140	164
369	45	185	24
370	22	162	187
371	45	185	24
372	183	140	163
373	185	140	166
374	45	185	23
375	45	185	24
376	45	185	23
377	22	162	186
378	22	162	186
379	45	185	24
380	45	185	24
381	45	185	24
382	45	185	24
383	45	185	24
384	23	161	187
385	23	162	187
386	23	161	187
387	44	183	23
388	185	140	163
389	21	161	185
390	45	185	23
391	23	161	187
392	45	185	24
393	45	185	24
394	185	140	166
395	45	185	23
396	22	162	187
397	24	162	186
398	45	183	23
399	185	140	166
400	22	162	186
401	45	185	24
402	21	161	185
403	44	183	23
404	24	162	188
405	22	162	188
406	45	185	24
407	24	162	188
408	22	162	187
409	45	185	23
410	183	140	164
411	45	185	24
412	185	140	166
413	45	183	23
414	24	162	188
415	44	184	23
416	185	140	165
417	45	185	24
418	44	184	23
419	45	183	24
420	23	161	187
421	24	162	188
422	183	140	164
423	185	140	164
424	45	185	23
425	185	140	166
426	24	162	188
427	185	140	165
428	45	185	24
429	185	140	165
430	22	162	187
431	44	184	23
432	185	140	166
433	45	185	24
434	45	183	24
435	24	162	186
436	45	185	23
437	22	162	187
438	24	162	186
439	185	140	166
440	22	162	185
441	185	140	166
442	45	185	24
443	45	185	24
444	24	162	186
445	185	140	164
446	45	185	23
447	24	162	187
448	45	185	23
449	45	185	23
450	23	161	187
451	45	185	24
452	21	161	185
453	185	140	165
454	185	140	165
455	45	185	24
456	45	185	23
457	185	140	165
458	184	139	163
459	24	162	187
460	185	140	165
461	45	185	24
462	45	183	24
463	185	140	165
464	45	185	24
465	23	162	185
466	45	185	23
467	23	161	187
468	45	185	24
469	45	185	24
470	45	185	23
471	185	140	163
472	23	162	185
473	185	140	166
474	23	161	187
475	24	162	188
476	23	162	187
477	45	183	24
478	44	184	23
479	22	162	187
480	21	161	187
481	45	185	24
482	24	162	187
483	45	183	23
484	45	185	24
485	185	140	163
486	185	140	163
487	24	162	187
488	185	140	165
489	185	140	166
490	185	140	164
491	44	184	23
492	45	185	24
493	185	140	166
494	44	184	23
495	45	185	24
496	45	185	24
497	23	161	187
498	45	185	24
499	45	185	24
500	185	140	165
501	185	140	164
502	185	140	165
503	45	185	23
504	183	139	163
505	45	185	24
506	23	161	185
507	183	140	163
508	24	162	188
509	45	183	24
510	45	185	24
511	185	140	166
512	24	162	187
513	24	162	187
514	183	140	164
515	185	140	164
516	183	140	163
517	185	140	164
518	22	162	186
519	45	185	23
520	23	161	187
521	24	162	187
522	24	162	187
523	24	162	187
524	185	140	164
525	24	162	187
526	183	140	164
527	185	140	163
528	183	139	163
529	45	185	24
530	22	162	186
531	24	162	188
532	183	140	163
533	185	140	165
534	22	162	186
535	44	184	23
536	45	185	24
537	22	162	187
538	23	162	185
539	185	140	166
540	185	140	166
541	45	185	24
542	45	185	24
543	45	185	24
544	45	185	24
545	45	185	24
546	184	139	165
547	21	161	185
548	23	161	187
549	185	140	164
550	45	185	24
551	45	183	24
552	22	162	188
553	184	139	165
554	185	140	166
555	22	162	187
556	45	183	24
557	185	140	166
558	24	162	187
559	23	162	185
560	185	140	163
561	45	185	24
562	22	162	187
563	24	162	185
564	22	162	188
565	185	140	165
566	45	183	24
567	185	140	164
568	45	185	23
569	45	185	23
570	24	162	187
571	185	140	166
572	45	183	24
573	184	139	163
574	183	139	163
575	45	185	24
576	185	140	165
577	45	185	23
578	44	184	23
579	45	185	24
580	185	140	165
581	45	183	23
582	185	140	164
583	45	183	23
584	185	140	166
585	185	140	166
586	185	140	165
587	44	184	23
588	185	140	166
589	185	140	165
590	22	162	187
591	22	162	187
592	24	162	187
593	183	140	164
594	44	184	23
595	23	162	187
596	185	140	166
597	185	140	164
598	44	183	23
599	45	185	24
600	45	185	24
601	23	161	185
602	185	140	166
603	185	140	165
604	185	140	166
605	185	140	166
606	24	162	186
607	23	162	187
608	45	185	24
609	44	184	23
610	45	185	24
611	45	185	24
612	185	140	165
613	45	185	23
614	45	185	23
615	45	185	24
616	45	185	24
617	45	183	24
618	185	140	166
619	44	183	23
620	185	140	164
621	44	184	23
622	185	140	164
623	45	185	24
624	183	140	164
625	185	140	166
626	45	185	24
627	45	185	24
628	45	185	23
629	23	161	185
630	45	183	24
631	185	140	165
632	45	185	24
633	22	162	188
634	24	162	186
635	45	185	24
636	45	185	23
637	45	185	24
638	22	162	186
639	183	140	164
640	22	162	186
641	22	162	185
642	185	140	166
643	185	140	164
644	185	140	165
645	183	140	164
646	185	140	163
647	24	162	186
648	45	185	24
649	185	140	165
650	22	162	185
651	22	162	186
652	185	140	166
653	22	162	186
654	45	185	23
655	185	140	164
656	45	185	24
657	22	162	186
658	45	185	24
659	24	162	187
660	45	185	24
661	24	162	187
662	185	140	165
663	185	140	166
664	184	139	165
665	185	140	165
666	184	139	163
667	185	140	166
668	22	162	187
669	183	139	163
670	45	185	24
671	24	162	186
672	24	162	188
673	22	162	186
674	185	140	166
675	45	185	24
676	24	162	188
677	45	185	24
678	185	140	165
679	45	185	24
680	184	139	165
681	44	184	23
682	185	140	164
683	45	185	24
684	21	161	187
685	24	162	188
686	45	185	23
687	45	185	24
688	185	140	166
689	183	140	163
690	185	140	163
691	45	185	24
692	45	185	24
693	185	140	166
694	45	185	23
695	44	184	23
696	185	140	163
697	45	185	24
698	22	162	188
699	22	162	188
700	24	162	185
701	45	185	24
702	22	162	187
703	45	185	24
704	22	162	186
705	45	183	24
706	183	140	164
707	22	162	188
708	45	185	23
709	24	162	188
710	185	140	164
711	185	140	164
712	22	162	186
713	45	185	24
714	45	185	23
715	22	162	185
716	22	162	186
717	45	183	24
718	22	162	186
719	24	162	187
720	45	185	23
721	45	185	23
722	185	140	165
723	185	140	166
724	45	185	24
725	24	162	187
726	24	162	187
727	45	185	23
728	185	140	165
729	45	185	24
730	184	139	165
731	185	140	165
732	185	140	164
733	185	140	163
734	22	162	186
735	45	185	24
736	24	162	187
737	44	183	23
738	22	162	186
739	45	185	24
740	22	162	185
741	24	162	188
742	185	140	165
743	21	161	185
744	45	185	24
745	185	140	163
746	24	162	186
747	185	140	166
748	23	161	187
749	45	185	23
750	24	162	188
751	22	162	187
752	45	185	23
753	45	185	24
754	24	162	188
755	45	185	24
756	45	185	24
757	22	162	186
758	44	184	23
759	45	185	24
760	21	161	185
761	23	161	187
762	45	183	23
763	23	161	187
764	45	185	24
765	45	185	24
766	23	161	185
767	185	140	163
768	183	140	164
769	45	183	24
770	185	140	165
771	185	140	166
772	21	161	187
773	45	185	24
774	185	140	164
775	45	185	23
776	45	185	24
777	23	161	187
778	21	161	187
779	45	185	24
780	185	140	164
781	45	183	24
782	22	162	186
783	185	140	164
784	45	183	24
785	183	140	164
786	185	140	166
787	23	161	187
788	24	162	187
789	184	139	163
790	185	140	166
791	22	162	187
792	45	185	24
793	185	140	165
794	185	140	163
795	24	162	187
796	185	140	166
797	185	140	165
798	45	185	24
799	24	162	188
800	45	185	23
801	45	185	24
802	185	140	165
803	45	183	24
804	44	184	23
805	45	185	23
806	184	139	165
807	22	162	188
808	44	184	23
809	185	140	165
810	45	183	23
811	24	162	188
812	22	162	188
813	22	162	188
814	185	140	166
815	185	140	166
816	185	140	166
817	44	184	23
818	183	140	163
819	22	162	187
820	183	140	164
821	45	185	24
822	185	140	166
823	23	162	187
824	24	162	188
825	45	185	24
826	23	161	187
827	22	162	186
828	23	161	185
829	45	185	24
830	184	139	163
831	23	162	185
832	45	185	24
833	23	161	187
834	23	161	187
835	45	185	24
836	45	185	23
837	22	162	188
838	185	140	165
839	45	185	24
840	185	140	166
841	22	162	186
842	45	185	24
843	185	140	165
844	185	140	166
845	185	140	164
846	45	185	24
847	22	162	186
848	183	140	163
849	44	184	23
850	45	185	23
851	22	162	187
852	183	140	164
853	185	140	165
854	44	184	23
855	185	140	164
856	21	161	185
857	24	162	185
858	44	184	23
859	24	162	188
860	24	162	185
861	22	162	186
862	24	162	187
863	45	185	24
864	185	140	165
865	185	140	166
866	23	161	187
867	185	140	163
868	45	185	24
869	23	161	187
870	23	162	187
871	44	184	23
872	24	162	187
873	23	161	187
874	45	185	23
875	23	161	187
876	45	185	23
877	24	162	188
878	22	162	186
879	185	140	164
880	185	140	166
881	183	140	164
882	45	185	23
883	45	185	24
884	45	185	23
885	21	161	185
886	45	185	24
887	45	185	24
888	23	162	187
889	185	140	164
890	24	162	187
891	23	161	187
892	45	185	24
893	44	183	23
894	45	183	23
895	185	140	164
896	45	185	23
897	24	162	187
898	185	140	165
899	45	185	24
900	185	140	164
901	45	185	24
902	185	140	165
903	22	162	186
904	185	140	165
905	185	140	164
906	185	140	166
907	22	162	186
908	22	162	185
909	185	140	165
910	185	140	164
911	185	140	164
912	24	162	186
913	45	185	23
914	44	184	23
915	185	140	165
916	22	162	187
917	184	139	163
918	22	162	186
919	24	162	188
920	22	162	186
921	22	162	186
922	45	183	24
923	24	162	188
924	45	183	24
925	22	162	188
926	185	140	166
927	44	184	23
928	185	140	165
929	183	140	164
930	183	140	164
931	45	185	24
932	45	185	24
933	45	185	24
934	45	185	24
935	45	185	23
936	24	162	188
937	185	140	164
938	22	162	187
939	24	162	188
940	22	162	186
941	185	140	166
942	45	183	24
943	22	162	188
944	185	140	166
945	22	162	185
946	22	162	186
947	185	140	166
948	24	162	187
949	44	184	23
950	45	185	24
951	23	162	187
952	45	185	24
953	23	161	187
954	24	162	186
955	185	140	164
956	45	185	24
957	45	185	24
958	45	183	24
959	45	183	24
960	23	161	187
961	24	162	186
962	185	140	166
963	44	184	23
964	185	140	166
965	22	162	185
966	185	140	164
967	45	185	23
968	45	185	24
969	185	140	166
970	184	139	163
971	23	162	187
972	185	140	166
973	45	185	24
974	45	183	24
975	22	162	185
976	22	162	187
977	45	185	24
978	24	162	188
979	44	184	23
980	45	185	24
981	45	185	24
982	183	139	163
983	23	161	187
984	22	162	186
985	184	139	165
986	185	140	165
987	22	162	188
988	24	162	187
989	185	140	163
990	185	140	165
991	45	185	24
992	183	140	163
993	22	162	187
994	22	162	186
995	183	140	164
996	185	140	164
997	185	140	165
998	22	162	188
999	45	185	24