Reaction test v3
type	A+B+C
number	1000

max value	65536
unit	us

test	A	B	C
0	54	5	29
1	52	3	29
2	50	3	29
3	4	28	52
4	3	28	52
5	5	28	52
6	54	5	29
7	3	29	53
8	3	28	52
9	5	29	52
10	32	54	7
11	26	51	4
12	5	29	53
13	5	29	53
14	26	51	5
15	3	28	52
16	5	28	52
17	3	28	50
18	50	3	29
19	5	29	53
20	5	29	53
21	5	28	52
22	54	5	29
23	28	53	6
24	26	52	5
25	31	53	5
26	5	29	52
27	54	5	29
28	26	52	5
29	54	5	28
30	5	29	53
31	28	54	7
32	49	3	28
33	28	54	7
34	26	52	5
35	5	28	52
36	33	55	7
37	31	53	5
38	54	5	29
39	5	29	52
40	50	3	29
41	54	5	29
42	5	29	53
43	3	29	53
44	28	54	7
45	5	28	52
46	28	53	6
47	26	51	4
48	30	52	5
49	31	53	7
50	30	52	4
51	52	5	31
52	50	3	28
53	5	29	53
54	3	29	52
55	30	52	5
56	5	29	53
57	50	3	28
58	26	52	5
59	26	51	5
60	5	29	53
61	26	51	5
62	55	5	31
63	30	52	4
64	30	52	6
65	28	54	7
66	5	29	53
67	54	5	29
68	31	53	7
69	31	52	5
70	54	5	30
71	54	5	29
72	54	5	29
73	31	53	5
74	31	53	7
75	5	30	54
76	31	53	5
77	5	30	52
78	5	31	53
79	54	5	30
80	28	54	7
81	54	5	30
82	31	53	5
83	54	5	29
84	3	28	52
85	5	28	52
86	5	29	53
87	3	29	53
88	54	5	28
89	54	5	29
90	54	5	28
91	28	53	6
92	3	29	53
93	5	29	53
94	49	3	28
95	31	52	5
96	26	52	5
97	54	5	29
98	54	5	29
99	30	52	4
100	5	31	53
101	31	52	5
102	50	3	29
103	52	5	31
104	55	5	29
105	5	30	52
106	54	5	28
107	5	28	52
108	31	53	5
109	30	52	5
110	31	53	7
111	50	3	29
112	52	5	30
113	31	53	5
114	5	31	55
115	28	53	6
116	5	29	52
117	54	5	29
118	3	29	52
119	30	52	4
120	28	53	7
121	30	52	6
122	54	5	28
123	30	52	5
124	3	28	52
125	54	5	30
126	31	52	5
127	31	53	7
128	5	29	52
129	55	5	29
130	5	29	52
131	26	51	4
132	28	53	7
133	5	29	53
134	54	5	28
135	50	3	29
136	30	52	7
137	50	3	29
138	31	53	5
139	28	53	7
140	52	5	31
141	5	31	53
142	5	29	53
143	28	54	7
144	28	54	7
145	5	28	52
146	30	52	5
147	54	5	28
148	30	52	4
149	5	28	52
150	4	30	52
151	5	31	53
152	31	53	5
153	5	29	52
154	54	5	29
155	5	29	52
156	3	28	52
157	5	29	52
158	3	29	52
159	54	4	28
160	50	3	29
161	30	52	4
162	3	28	52
163	28	54	7
164	3	28	52
165	54	5	30
166	31	53	5
167	5	29	52
168	28	53	6
169	3	29	53
170	5	29	53
171	30	52	7
172	54	5	29
173	5	29	53
174	31	52	5
175	28	54	7
176	28	54	7
177	54	5	29
178	30	52	7
179	3	29	52
180	30	52	7
181	30	52	5
182	5	30	52
183	54	5	28
184	50	3	29
185	5	29	52
186	49	3	28
187	31	52	7
188	50	3	29
189	31	53	7
190	50	3	29
191	4	30	52
192	3	28	52
193	28	54	7
194	54	3	28
195	30	52	4
196	30	52	5
197	30	52	5
198	50	5	28
199	52	5	31
200	31	53	7
201	31	53	5
202	55	5	29
203	3	28	52
204	5	29	52
205	51	4	30
206	31	53	7
207	31	53	5
208	55	5	29
209	54	4	30
210	5	29	53
211	31	53	7
212	31	52	5
213	5	31	54
214	54	5	29
215	54	5	31
216	5	29	52
217	31	53	5
218	28	53	6
219	28	54	7
220	4	28	52
221	5	31	53
222	5	31	53
223	5	30	52
224	5	29	53
225	5	30	52
226	28	54	7
227	54	5	31
228	50	3	29
229	5	29	52
230	50	3	28
231	30	52	7
232	30	52	5
233	54	5	29
234	55	5	31
235	3	29	53
236	54	5	29
237	54	5	30
238	54	5	29
239	5	29	53
240	50	3	28
241	50	3	28
242	52	3	28
243	30	52	4
244	5	31	53
245	50	3	29
246	52	5	31
247	28	54	7
248	54	5	30
249	26	52	5
250	54	5	29
251	5	29	53
252	55	5	29
253	3	29	53
254	54	5	28
255	3	28	52
256	3	29	51
257	5	28	52
258	30	52	5
259	5	31	52
260	31	53	5
261	54	5	29
262	30	52	6
263	55	5	29
264	4	28	52
265	30	52	4
266	5	29	52
267	52	5	31
268	50	3	29
269	30	52	6
270	30	52	4
271	54	5	28
272	28	53	6
273	30	52	4
274	50	3	29
275	50	3	29
276	54	5	28
277	26	52	5
278	26	52	5
279	28	53	6
280	3	28	52
281	31	53	7
282	30	52	6
283	30	52	5
284	55	5	29
285	55	5	29
286	5	29	52
287	5	29	53
288	5	28	52
289	31	53	5
290	30	52	6
291	5	28	52
292	5	29	53
293	5	31	55
294	54	5	29
295	3	28	52
296	31	53	7
297	54	5	29
298	30	52	5
299	3	28	52
300	5	31	53
301	31	53	7
302	54	5	29
303	54	5	28
304	5	28	52
305	30	52	5
306	3	29	53
307	52	5	31
308	5	29	52
309	31	53	5
310	31	53	7
311	28	54	7
312	50	3	28
313	50	3	29
314	50	3	29
315	28	54	7
316	5	31	53
317	50	3	29
318	5	29	52
319	55	5	31
320	3	29	52
321	3	29	53
322	28	54	7
323	3	29	52
324	31	53	7
325	54	4	28
326	31	53	5
327	30	52	5
328	28	53	6
329	5	31	53
330	54	5	28
331	55	5	29
332	3	29	53
333	3	28	52
334	52	5	31
335	54	5	29
336	3	28	52
337	31	53	5
338	30	52	6
339	50	5	29
340	53	3	29
341	5	29	53
342	5	29	52
343	54	5	30
344	31	53	5
345	5	31	53
346	52	3	29
347	54	5	30
348	3	29	53
349	32	54	7
350	31	53	5
351	31	53	5
352	54	5	29
353	31	53	5
354	31	53	5
355	3	29	53
356	52	5	31
357	54	5	28
358	26	51	5
359	50	3	29
360	5	30	54
361	52	5	30
362	50	3	29
363	52	5	31
364	54	5	31
365	55	5	31
366	28	54	7
367	31	53	5
368	55	5	29
369	30	52	4
370	30	52	6
371	50	3	29
372	3	28	52
373	30	52	5
374	3	28	50
375	54	5	29
376	26	52	5
377	26	52	5
378	28	54	7
379	55	5	31
380	28	54	7
381	26	51	4
382	5	29	52
383	50	3	28
384	30	52	5
385	3	28	52
386	50	3	28
387	31	52	7
388	30	52	7
389	5	28	52
390	54	5	30
391	54	5	29
392	30	52	4
393	5	29	52
394	5	30	52
395	31	53	7
396	4	30	54
397	30	52	5
398	31	53	7
399	30	52	5
400	50	5	29
401	31	53	7
402	28	53	7
403	55	5	31
404	28	53	6
405	30	52	5
406	3	28	52
407	50	5	29
408	3	29	53
409	5	29	52
410	30	52	5
411	54	5	31
412	30	52	7
413	55	5	31
414	55	5	31
415	3	29	53
416	30	52	5
417	55	5	31
418	52	5	31
419	31	53	5
420	54	4	28
421	31	53	5
422	5	29	53
423	54	5	31
424	52	5	30
425	50	3	29
426	30	52	5
427	5	29	53
428	31	53	5
429	30	52	7
430	5	29	53
431	5	28	52
432	54	5	31
433	55	5	29
434	54	5	28
435	5	29	52
436	5	29	53
437	31	53	5
438	54	5	30
439	31	53	5
440	30	52	5
441	5	29	53
442	26	52	5
443	31	53	5
444	30	52	5
445	30	52	5
446	28	54	7
447	30	52	7
448	3	29	53
449	54	5	29
450	54	5	29
451	3	28	52
452	5	28	52
453	50	3	29
454	31	53	7
455	54	5	30
456	50	3	29
457	31	53	5
458	5	29	53
459	28	53	6
460	5	29	52
461	54	5	28
462	50	3	29
463	5	29	53
464	31	53	5
465	28	54	7
466	5	29	53
467	5	29	52
468	54	5	29
469	30	52	7
470	3	28	52
471	54	4	30
472	53	3	29
473	31	53	7
474	31	53	5
475	53	3	29
476	30	52	6
477	3	29	53
478	28	54	7
479	30	52	7
480	30	52	4
481	31	52	5
482	31	52	7
483	28	54	7
484	5	31	53
485	30	52	5
486	3	29	53
487	5	29	53
488	54	5	29
489	5	29	52
490	28	54	7
491	26	52	5
492	31	52	5
493	54	5	29
494	28	53	6
495	5	29	52
496	4	30	52
497	30	52	4
498	30	52	7
499	3	29	52
500	5	28	52
501	5	29	53
502	28	53	6
503	3	29	53
504	52	5	31
505	5	29	52
506	5	29	52
507	54	4	30
508	28	53	7
509	50	3	28
510	55	5	31
511	28	54	7
512	54	5	29
513	5	29	53
514	54	4	28
515	3	28	52
516	50	3	29
517	54	5	28
518	31	53	7
519	28	54	7
520	54	4	30
521	30	52	6
522	26	52	5
523	52	5	31
524	55	5	31
525	30	52	4
526	54	5	28
527	3	29	53
528	5	28	52
529	31	53	7
530	31	52	7
531	50	3	28
532	3	28	52
533	30	52	4
534	30	52	5
535	5	29	52
536	54	5	31
537	50	3	29
538	26	52	5
539	28	54	7
540	28	54	7
541	3	28	52
542	31	52	5
543	54	5	31
544	5	28	52
545	5	29	53
546	54	5	28
547	54	5	28
548	4	28	52
549	50	3	29
550	31	53	5
551	3	29	53
552	30	52	6
553	28	54	7
554	30	52	4
555	5	29	53
556	55	5	31
557	4	28	52
558	5	28	52
559	54	5	29
560	5	28	52
561	31	53	5
562	55	5	31
563	54	5	29
564	54	5	29
565	50	3	29
566	55	5	29
567	31	53	5
568	5	29	53
569	3	29	53
570	3	29	53
571	5	29	52
572	28	53	6
573	30	52	7
574	30	52	5
575	5	29	52
576	5	29	53
577	54	5	29
578	50	3	29
579	26	52	5
580	3	29	53
581	50	3	29
582	30	52	7
583	28	54	7
584	55	5	31
585	28	54	7
586	54	5	28
587	5	29	53
588	31	53	5
589	30	52	6
590	5	28	52
591	55	5	29
592	54	5	30
593	31	52	5
594	28	53	6
595	28	54	7
596	28	54	7
597	5	29	52
598	30	52	6
599	55	5	29
600	31	52	5
601	4	28	52
602	54	5	29
603	50	3	28
604	26	52	5
605	30	52	7
606	5	29	53
607	54	4	28
608	5	29	53
609	53	3	29
610	5	28	52
611	5	29	53
612	28	53	7
613	5	30	54
614	3	29	52
615	5	30	52
616	5	30	52
617	31	53	7
618	31	53	7
619	52	5	31
620	5	28	52
621	52	3	29
622	30	52	4
623	28	53	6
624	3	29	53
625	54	5	29
626	5	28	52
627	28	54	7
628	28	54	7
629	5	30	54
630	28	54	7
631	28	53	6
632	5	31	54
633	32	54	7
634	54	5	30
635	31	53	5
636	52	3	29
637	5	28	52
638	54	5	30
639	54	4	28
640	31	53	5
641	5	29	52
642	5	30	52
643	50	5	29
644	31	53	7
645	54	5	31
646	30	52	4
647	30	52	5
648	30	52	5
649	54	5	30
650	28	54	7
651	54	5	29
652	30	52	5
653	54	5	30
654	4	28	52
655	31	53	7
656	55	5	29
657	30	52	7
658	31	53	5
659	5	28	52
660	31	53	7
661	5	29	53
662	30	52	5
663	28	53	6
664	26	52	5
665	31	53	5
666	31	53	5
667	30	52	7
668	3	28	52
669	28	54	7
670	28	54	7
671	3	28	52
672	30	52	5
673	28	54	7
674	54	5	31
675	26	52	5
676	5	28	52
677	28	53	6
678	55	5	31
679	50	3	29
680	3	29	51
681	54	4	28
682	3	28	52
683	31	53	7
684	3	29	52
685	31	53	7
686	50	3	29
687	4	28	52
688	5	29	52
689	5	28	52
690	4	28	52
691	3	28	52
692	5	29	52
693	52	5	31
694	5	29	53
695	28	54	7
696	31	53	7
697	50	5	29
698	26	52	5
699	5	29	53
700	5	30	52
701	30	52	6
702	30	52	4
703	5	28	52
704	54	5	31
705	27	52	5
706	28	53	6
707	28	54	7
708	31	53	7
709	54	5	29
710	5	29	52
711	26	52	5
712	54	5	29
713	54	5	28
714	3	29	53
715	31	53	7
716	5	29	52
717	54	5	31
718	54	5	30
719	5	28	52
720	31	53	7
721	50	3	29
722	50	5	28
723	50	3	29
724	28	54	7
725	50	3	29
726	28	53	6
727	54	5	30
728	5	30	52
729	31	52	7
730	28	53	6
731	50	3	29
732	26	52	5
733	5	28	52
734	54	5	31
735	28	53	6
736	5	28	52
737	54	5	28
738	54	5	29
739	30	52	5
740	5	29	52
741	26	52	5
742	5	31	53
743	3	29	51
744	49	4	28
745	50	3	29
746	28	54	7
747	4	28	52
748	31	53	5
749	54	4	30
750	50	3	28
751	54	5	29
752	28	53	7
753	54	5	28
754	28	54	7
755	5	31	52
756	33	55	7
757	54	5	30
758	30	52	4
759	30	52	5
760	54	5	28
761	28	53	6
762	28	53	6
763	3	29	52
764	50	3	29
765	3	29	53
766	5	28	52
767	50	3	29
768	5	29	53
769	31	53	5
770	26	52	5
771	5	29	53
772	31	53	7
773	31	53	7
774	55	5	29
775	52	5	31
776	30	52	5
777	55	5	29
778	3	28	52
779	55	5	29
780	54	5	31
781	5	28	52
782	30	52	5
783	53	3	29
784	54	5	29
785	5	29	52
786	3	29	53
787	54	5	28
788	28	54	7
789	54	5	29
790	4	28	52
791	5	28	52
792	30	52	5
793	54	5	28
794	30	52	6
795	31	53	5
796	31	53	7
797	5	29	52
798	31	53	7
799	5	30	52
800	28	54	7
801	3	29	52
802	49	3	28
803	31	53	5
804	30	52	5
805	5	29	53
806	5	28	52
807	30	52	7
808	5	31	53
809	49	3	28
810	50	3	29
811	54	5	28
812	30	52	5
813	28	54	7
814	54	5	29
815	31	53	5
816	54	5	30
817	52	3	28
818	5	29	53
819	3	29	53
820	28	54	7
821	30	52	4
822	5	29	52
823	5	29	53
824	54	5	29
825	3	28	52
826	5	29	53
827	26	51	5
828	54	5	30
829	54	4	28
830	30	52	7
831	54	5	28
832	50	3	29
833	3	29	52
834	31	53	7
835	31	53	5
836	30	52	6
837	54	4	28
838	28	54	7
839	50	5	29
840	31	52	7
841	52	3	28
842	30	52	6
843	3	28	52
844	5	29	52
845	52	5	31
846	52	3	28
847	30	52	6
848	31	53	7
849	52	3	28
850	26	51	5
851	5	28	52
852	51	4	30
853	3	29	51
854	54	5	29
855	50	3	28
856	54	5	31
857	50	3	29
858	50	3	28
859	5	29	53
860	50	3	28
861	50	3	28
862	5	29	52
863	31	53	5
864	5	29	52
865	3	28	52
866	54	5	29
867	3	29	52
868	54	5	30
869	5	29	53
870	31	53	5
871	5	29	53
872	5	29	53
873	55	5	31
874	26	51	5
875	30	52	5
876	28	54	7
877	4	28	52
878	33	54	7
879	3	29	53
880	54	5	31
881	5	30	52
882	50	3	29
883	54	4	28
884	31	53	7
885	31	52	7
886	31	53	5
887	54	5	29
888	28	54	7
889	30	52	6
890	30	52	5
891	30	52	5
892	55	5	29
893	55	5	31
894	28	53	6
895	52	5	31
896	31	53	5
897	54	5	29
898	51	5	30
899	5	29	53
900	54	5	30
901	31	53	5
902	5	31	55
903	54	5	29
904	28	53	6
905	28	54	7
906	54	5	28
907	55	5	29
908	28	53	6
909	54	5	29
910	50	3	28
911	31	53	7
912	54	5	29
913	54	5	29
914	54	5	28
915	31	53	5
916	26	52	5
917	50	3	29
918	54	5	28
919	5	28	52
920	55	5	31
921	3	28	52
922	27	52	5
923	30	52	4
924	49	3	28
925	28	54	7
926	3	29	53
927	5	29	53
928	4	28	52
929	30	52	5
930	31	53	7
931	30	52	5
932	5	29	53
933	26	52	5
934	54	5	31
935	30	52	6
936	50	3	29
937	28	54	7
938	3	28	52
939	54	5	30
940	55	5	31
941	28	53	7
942	5	29	53
943	31	53	5
944	54	5	28
945	50	3	29
946	30	52	6
947	5	29	53
948	52	5	31
949	26	51	5
950	54	4	28
951	28	53	6
952	3	29	52
953	31	52	5
954	3	29	53
955	5	29	53
956	5	31	52
957	52	3	29
958	28	54	7
959	28	54	7
960	55	5	29
961	27	52	5
962	30	52	5
963	3	28	52
964	54	5	29
965	31	53	5
966	30	52	5
967	55	5	29
968	54	5	29
969	54	5	30
970	54	4	28
971	30	52	5
972	54	5	28
973	5	29	52
974	50	3	29
975	54	5	30
976	54	4	28
977	3	28	52
978	5	29	53
979	54	5	28
980	5	28	52
981	5	29	53
982	52	3	28
983	54	5	28
984	5	28	52
985	50	3	28
986	28	54	7
987	52	3	28
988	3	29	53
989	30	52	4
990	3	28	52
991	5	29	53
992	3	28	52
993	50	3	28
994	54	4	30
995	31	53	7
996	5	29	53
997	28	54	7
998	54	5	29
999	3	29	52