Reaction test v3
type	A+B+C
number	1000

max value	65536
unit	us

test	A	B	C
0	1678	3	6955
1	905	11473	6192
2	5672	10948	391
3	608	11171	5891
4	177	10743	5462
5	6122	11402	839
6	804	11372	6091
7	6015	11298	725
8	5292	10571	9
9	5875	11155	590
10	177	10742	5464
11	5543	10820	256
12	6267	11548	982
13	802	11366	6085
14	5294	10575	5
15	5601	10877	320
16	6261	11546	978
17	612	11178	5897
18	125	10691	5410
19	5833	11115	550
20	5383	10653	108
21	663	11226	5946
22	2827	13401	8121
23	5585	10866	305
24	6027	11303	742
25	380	10948	5665
26	5305	10582	16
27	5834	11109	547
28	445	11012	5734
29	5718	10999	427
30	515	11087	5806
31	5836	11119	547
32	5415	10693	130
33	5588	10867	307
34	51	10601	5331
35	147	10717	5436
36	6005	11282	725
37	5896	11175	615
38	22	10587	5304
39	114	10682	5401
40	82	10656	5372
41	5507	10790	218
42	886	11456	6173
43	6201	11484	910
44	5939	11218	646
45	6141	11421	854
46	738	11306	6023
47	854	11415	6137
48	901	11466	6188
49	5307	29	10585
50	5802	11081	513
51	5933	11214	648
52	5291	14	10570
53	5447	10730	164
54	5885	11164	594
55	802	11365	6087
56	5340	10620	57
57	616	11188	5905
58	6295	11576	1008
59	5637	10916	355
60	845	11413	6132
61	5293	11	10573
62	121	10685	5406
63	6220	11498	938
64	5348	10632	63
65	5695	10974	410
66	3211	13781	8500
67	230	10798	5517
68	5303	10584	16
69	5965	11245	677
70	5695	10978	410
71	5312	29	10597
72	9207	14490	3918
73	380	10948	5667
74	6229	944	11511
75	6081	800	11363
76	5838	11123	549
77	10900	5621	338
78	5376	10656	89
79	11029	466	5751
80	613	11188	5903
81	5988	705	11269
82	540	11089	5815
83	10912	5634	349
84	11266	5985	696
85	11496	6213	926
86	403	5692	10975
87	11239	671	5956
88	6253	972	11531
89	6166	11449	879
90	11033	5757	474
91	10927	380	5661
92	10706	144	5429
93	104	5384	10663
94	11481	927	6209
95	168	10732	5453
96	55	10620	5340
97	730	11302	6021
98	5333	50	10611
99	11122	5846	558
100	97	10670	5387
101	31	10599	5316
102	11416	858	6139
103	5579	10854	292
104	10789	5506	217
105	10579	14	5300
106	5530	239	10809
107	10776	221	5500
108	5618	10899	335
109	125	5406	10682
110	6096	817	11370
111	11095	536	5817
112	6325	1034	11604
113	5408	127	10686
114	10707	5428	151
115	6002	721	11278
116	629	11190	5914
117	1023	6308	11588
118	11215	5937	656
119	10691	5417	130
120	5569	10847	284
121	5305	20	10584
122	858	11421	6141
123	5464	10741	183
124	10628	69	5350
125	6096	816	11377
126	746	11303	6027
127	702	5983	11263
128	102	10672	5391
129	10770	203	5490
130	448	5733	11010
131	5385	10653	106
132	897	11460	6181
133	5724	11004	438
134	48	5333	10610
135	794	11354	6075
136	481	11051	5770
137	11261	689	5980
138	995	6283	11566
139	6051	762	11334
140	830	11400	6117
141	5483	191	10768
142	427	5874	11170
143	752	6042	11325
144	10738	5456	168
145	10873	299	5591
146	145	10719	5438
147	245	5532	10813
148	63	10631	5350
149	5921	11203	634
150	5897	610	11179
151	279	10847	5565
152	11254	5976	689
153	5723	438	11003
154	13394	8113	2823
155	5398	10680	112
156	901	11473	6188
157	5919	11199	633
158	6012	721	11295
159	547	5828	11103
160	10588	5304	12
161	10576	11	5294
162	11040	5755	468
163	11424	860	6141
164	5698	10985	404
165	389	5680	10961
166	586	5877	11156
167	219	10789	5505
168	5534	243	10817
169	6038	11321	749
170	753	6045	11328
171	434	11013	5724
172	6263	11544	978
173	5474	189	10759
174	11175	605	5892
175	5524	10809	239
176	506	5793	11074
177	5505	10786	215
178	382	5671	10954
179	11559	989	6276
180	11110	543	5830
181	163	5457	10744
182	806	11381	6100
183	5705	10984	418
184	6228	11503	945
185	11109	5831	544
186	36	10614	5327
187	573	11140	5860
188	820	6105	11390
189	757	11325	6042
190	431	5720	11003
191	6025	11306	738
192	5571	10856	276
193	10880	5595	306
194	11552	6275	988
195	6273	11548	988
196	5476	10761	183
197	10788	5505	221
198	5681	10965	387
199	11261	691	5978
200	11572	1006	6293
201	6175	897	11446
202	5779	11064	489
203	11458	6175	884
204	6046	11329	757
205	10607	5326	39
206	5854	568	11134
207	11293	6015	730
208	5873	584	11152
209	11431	863	6150
210	6126	837	11405
211	11107	5828	543
212	11382	6101	821
213	11420	6139	854
214	674	11246	5965
215	585	11151	5875
216	11121	5839	552
217	293	10863	5580
218	11460	890	6179
219	11602	6319	1030
220	892	6175	11456
221	950	11514	6238
222	11102	5821	532
223	11104	536	5823
224	5408	10687	128
225	6222	11505	931
226	5656	10939	375
227	504	11074	5793
228	5843	11128	558
229	11132	562	5852
230	5509	10790	222
231	5991	11274	704
232	5973	11254	688
233	10965	400	5687
234	10973	5693	405
235	504	5795	11080
236	5843	560	11124
237	11038	459	5751
238	6150	11435	860
239	5857	573	11142
240	10809	86	5371
241	5957	666	11238
242	5914	11195	629
243	163	5455	10738
244	11291	725	6012
245	11254	5976	690
246	11411	851	6136
247	5873	11153	590
248	6061	11336	776
249	5391	111	10672
250	5367	10644	84
251	55	10601	5331
252	6106	826	11383
253	11156	595	5880
254	978	11541	6261
255	5331	10599	55
256	6139	11417	854
257	5830	547	11110
258	10737	5459	178
259	11365	6087	804
260	11217	653	5938
261	10575	5297	12
262	37	10605	5324
263	6091	11363	808
264	513	11065	5793
265	650	11211	5933
266	5284	7	10556
267	5530	10811	243
268	11263	5984	697
269	5444	161	10723
270	10616	54	5335
271	5601	10882	314
272	787	11353	6075
273	5523	234	10806
274	73	10637	5358
275	6079	794	11362
276	10843	5562	273
277	10644	5369	91
278	6000	11282	712
279	466	5753	11032
280	10751	187	5473
281	11212	648	5931
282	228	10791	5513
283	6154	871	11437
284	5666	381	10946
285	5673	384	10952
286	1001	6289	11574
287	5974	11259	687
288	6309	11591	1026
289	5809	524	11092
290	11081	5794	503
291	324	10909	5618
292	991	6276	11557
293	11019	5741	454
294	6072	785	11353
295	303	10869	5594
296	10682	5402	117
297	11372	6095	806
298	971	11541	6258
299	563	11128	5848
300	685	5968	11250
301	11319	6039	753
302	948	6235	11516
303	5426	141	10708
304	6160	873	11443
305	11254	5973	686
306	10768	5486	199
307	6244	11529	957
308	6284	11567	999
309	248	10818	5537
310	781	6066	11347
311	11439	6167	895
312	5384	107	10658
313	6108	817	11389
314	10797	227	5517
315	6141	854	11420
316	11550	6265	972
317	11246	5970	685
318	11051	490	5773
319	884	11432	6158
320	10616	52	5337
321	6021	744	11295
322	11243	5958	665
323	5302	10	10585
324	5456	10743	169
325	11280	5993	704
326	875	6164	11443
327	6086	11368	798
328	281	10854	5571
329	943	11516	6233
330	747	11315	6036
331	64	10634	5353
332	802	6089	11370
333	504	5793	11076
334	10869	5586	299
335	5710	10993	417
336	10829	5556	280
337	5437	10718	152
338	11201	639	5922
339	11443	888	6169
340	6024	11463	738
341	693	5980	11259
342	166	10744	5457
343	11349	783	6070
344	6027	11308	740
345	10674	5391	100
346	249	5541	10830
347	11101	5828	546
348	10654	5382	102
349	10801	5524	243
350	6059	772	11340
351	4809	10101	15384
352	208	5496	10778
353	11445	862	6158
354	6065	780	11348
355	930	11505	6220
356	6208	920	11490
357	785	11363	6078
358	10652	5382	101
359	5823	11106	534
360	5348	58	10633
361	11283	6007	718
362	166	10736	5455
363	954	6245	11528
364	6317	1030	11602
365	5340	54	10622
366	689	5978	11263
367	5485	10770	198
368	11362	6076	785
369	10592	9	5301
370	541	11122	5837
371	6315	11602	1023
372	622	11197	5912
373	11482	6197	906
374	727	6018	11299
375	5	5293	10576
376	333	10903	5624
377	6173	11454	886
378	372	5651	10933
379	6177	11454	892
380	10712	5429	140
381	11280	710	5998
382	11562	993	6280
383	474	11042	5761
384	10580	5301	9
385	33	5320	10605
386	6182	905	11454
387	706	11276	5993
388	11249	678	5964
389	228	5517	10798
390	11218	652	5939
391	31	10601	5318
392	10865	5588	301
393	10785	219	5506
394	6076	11361	789
395	714	6006	11288
396	3	10578	5295
397	5674	10953	389
398	11684	6405	1114
399	37	5316	10588
400	410	5689	10972
401	11332	6049	761
402	11456	6177	888
403	35	5318	10599
404	10717	5434	147
405	5717	432	10999
406	5296	10577	7
407	10975	5692	407
408	596	11162	5881
409	5311	10590	22
410	897	11456	6182
411	384	5678	10965
412	166	10743	5457
413	10594	5307	16
414	6265	974	11548
415	10742	5455	164
416	5839	548	11128
417	5798	11081	511
418	6036	11318	750
419	11381	6100	807
420	10976	5704	427
421	5753	11035	468
422	6214	919	11497
423	5524	230	10807
424	588	5884	11176
425	464	11039	5753
426	936	11510	6227
427	10926	5645	361
428	112	5393	10665
429	11286	718	6006
430	61	5348	10629
431	10633	5352	72
432	798	6086	11370
433	402	5693	10976
434	5783	11066	498
435	29	10601	5316
436	6001	11286	710
437	5838	11110	560
438	10685	5404	125
439	11409	6126	830
440	12371	1797	7090
441	11599	1031	6320
442	10937	5659	372
443	10578	5297	8
444	5405	114	10688
445	786	6079	11364
446	11576	1011	6296
447	524	11094	5813
448	346	5638	10923
449	11389	820	6107
450	11527	946	6239
451	11518	951	6238
452	10616	48	5335
453	11044	5768	487
454	976	6263	11544
455	79	10649	5370
456	5644	10927	367
457	11188	5906	619
458	10706	5427	140
459	10601	5322	33
460	11383	6098	809
461	11317	6038	753
462	11292	6012	725
463	11363	6080	791
464	11084	5803	514
465	11166	5883	590
466	11053	5770	481
467	10836	5558	270
468	10733	161	5449
469	11389	811	6104
470	11263	5974	678
471	10667	89	5378
472	10860	5575	285
473	10926	348	5639
474	52	5338	10623
475	10805	5520	226
476	10841	284	5565
477	11291	6008	718
478	10986	5710	429
479	11018	5735	448
480	11130	5848	561
481	10587	5303	13
482	11512	942	6231
483	10999	5714	423
484	11440	6159	873
485	10888	5605	314
486	10635	5350	60
487	10815	240	5532
488	11334	6053	764
489	10796	5511	222
490	10777	199	5488
491	65	5354	10641
492	5746	466	11019
493	264	5542	10815
494	351	5640	10923
495	6270	11557	980
496	6255	963	11540
497	6254	967	11533
498	11317	740	6030
499	485	11053	5772
500	6265	11548	978
501	11576	1012	6297
502	572	5860	11143
503	811	6090	11364
504	137	10708	5427
505	813	6100	11383
506	478	5770	11053
507	5952	659	11235
508	11471	6194	912
509	10861	5578	290
510	11477	6201	926
511	722	6003	11280
512	10960	5678	393
513	6023	738	11307
514	11089	5808	523
515	443	5730	11012
516	1026	6313	11598
517	11248	678	5965
518	6104	817	11383
519	6270	987	11548
520	11398	832	6121
521	5699	414	10978
522	11508	6225	938
523	10768	5488	203
524	5551	10836	260
525	715	11285	6002
526	135	10705	5421
527	839	6126	11411
528	6288	11573	999
529	6316	11592	1029
530	5533	10813	252
531	11158	5873	586
532	695	11265	5984
533	147	10724	5441
534	10798	5521	236
535	10736	5456	172
536	11388	6109	822
537	11244	680	5965
538	745	6032	11315
539	569	11139	5858
540	87	5374	10655
541	5953	659	11238
542	168	10736	5457
543	10603	35	5321
544	168	10736	5453
545	5680	10957	398
546	5983	696	11266
547	11317	6034	749
548	901	6192	11473
549	871	11441	6159
550	11280	713	5998
551	6144	861	11429
552	414	5701	10986
553	890	11458	6179
554	10731	5449	162
555	5613	10892	326
556	226	5513	10791
557	6276	984	11559
558	179	10751	5469
559	6119	832	11402
560	65	10639	5356
561	5914	11196	629
562	6110	11395	825
563	613	11188	5901
564	796	11364	6083
565	1028	6315	11598
566	5883	598	11166
567	10931	5650	363
568	5918	624	11205
569	10954	5671	384
570	5337	48	10618
571	573	5860	11140
572	11496	927	6214
573	5598	10879	313
574	1029	6317	11599
575	153	10719	5441
576	320	10893	5608
577	76	10642	5363
578	6	10583	5296
579	6165	884	11439
580	5558	10842	272
581	11276	5999	710
582	234	5521	10800
583	584	11160	5871
584	5300	10585	13
585	363	10929	5648
586	958	6244	11529
587	5408	123	10693
588	5645	358	10930
589	10858	5573	279
590	166	5455	10738
591	10622	56	5339
592	11399	824	6114
593	6038	11321	751
594	5930	650	11203
595	5913	626	11194
596	11366	633	6077
597	5644	353	10929
598	339	5627	10912
599	6064	11345	775
600	515	11086	5803
601	11306	6028	740
602	11115	539	5828
603	468	11040	5759
604	10600	5315	26
605	5445	10727	153
606	2299	12873	7590
607	5625	338	10908
608	5522	10804	237
609	6063	774	11348
610	5828	541	11109
611	5929	11214	641
612	841	11413	6132
613	10729	5448	163
614	268	5557	10834
615	10908	338	5627
616	178	5464	10746
617	11195	5918	633
618	889	11459	6178
619	5635	348	10918
620	6155	11438	875
621	5841	558	11121
622	60	10633	5352
623	5860	568	11145
624	10580	9	5299
625	345	5633	10913
626	10851	5568	281
627	882	6171	11454
628	11514	952	6235
629	5522	232	10803
630	5826	539	11107
631	10966	398	5687
632	10822	5537	260
633	10708	5426	138
634	5474	10751	189
635	708	11279	5996
636	8196	13476	2908
637	760	11327	6045
638	14	10591	5306
639	785	11338	6063
640	474	11023	5753
641	288	10835	5565
642	6300	11585	1013
643	10938	372	5661
644	5436	10719	144
645	92	5378	10662
646	528	11100	5817
647	415	5702	10985
648	10956	384	5673
649	618	5904	11189
650	695	5984	11269
651	5485	198	10768
652	6158	869	11441
653	809	6098	11383
654	416	10997	5710
655	6062	11347	773
656	298	10855	5579
657	6156	865	11439
658	11062	5783	494
659	11060	490	5779
660	935	6224	11507
661	568	11151	5864
662	991	6278	11559
663	5676	387	10955
664	10805	239	5524
665	5766	11049	481
666	170	10738	5455
667	860	11434	6151
668	835	6124	11409
669	5870	592	11141
670	5663	380	10945
671	10989	423	5710
672	1848	7138	12416
673	10620	59	5344
674	5803	11081	518
675	11420	859	6143
676	5	5297	10584
677	6164	873	11443
678	283	10853	5571
679	10770	5489	202
680	10622	5341	52
681	35	5318	10597
682	10693	5413	125
683	10848	277	5567
684	10579	5	5294
685	742	11308	6027
686	493	5780	11063
687	11180	610	5897
688	11349	6062	773
689	607	11178	5895
690	5486	198	10769
691	545	5831	11115
692	10781	5498	206
693	5695	406	10982
694	10840	273	5558
695	136	10710	5423
696	10686	5404	114
697	5464	10747	175
698	10820	246	5533
699	11589	6306	1015
700	5716	10999	423
701	11049	5768	479
702	10711	5430	138
703	10921	350	5640
704	258	10843	5550
705	371	5665	10948
706	191	10762	5477
707	11618	1040	6336
708	5836	11117	551
709	5466	177	10751
710	588	5873	11150
711	11057	5780	498
712	16	5300	10578
713	6077	794	11358
714	5998	11276	712
715	10652	82	5371
716	5712	10985	434
717	541	5828	11113
718	556	11128	5845
719	6443	1152	11726
720	646	11214	5931
721	11374	800	6091
722	622	11195	5912
723	5421	10704	126
724	10618	5335	45
725	5738	11015	460
726	5903	615	11185
727	10742	5461	174
728	10933	363	5651
729	10734	168	5455
730	5995	708	11278
731	72	5358	10640
732	6102	11387	815
733	5414	127	10693
734	5943	654	11224
735	298	5585	10868
736	5547	101	10841
737	10830	262	5548
738	453	5742	11023
739	10766	5481	191
740	6044	755	11333
741	10827	268	5547
742	11015	428	5723
743	10753	5469	179
744	815	6106	11393
745	6239	948	11529
746	11524	6243	954
747	445	5730	11004
748	925	11494	6210
749	11250	680	5967
750	677	5969	11252
751	10599	5320	35
752	6324	1039	11606
753	6051	765	11335
754	5823	538	11106
755	10623	5344	57
756	697	5980	11259
757	644	5931	11210
758	6310	11595	1018
759	479	11053	5770
760	6899	1610	12186
761	2244	7535	12818
762	353	10927	5644
763	492	11053	5773
764	357	10927	5644
765	662	5954	11237
766	5979	691	11264
767	5365	10644	76
768	6306	11587	1019
769	6280	11565	993
770	2984	8280	13564
771	11137	5856	571
772	12609	7326	2034
773	6033	746	11316
774	11171	603	5890
775	721	11287	6006
776	11565	993	6284
777	11535	957	6248
778	10770	194	5487
779	5860	577	11134
780	10715	5441	162
781	5644	365	10916
782	1015	11594	6306
783	417	5863	11161
784	220	10799	5513
785	11462	6183	896
786	487	11063	5778
787	950	11518	6239
788	51	10623	5340
789	239	5526	10807
790	147	5432	10712
791	454	11032	5747
792	5952	665	11231
793	5933	648	11209
794	10838	273	5558
795	11488	6216	933
796	828	6104	11372
797	985	6261	11531
798	6120	835	11400
799	138	10706	5427
800	10941	378	5665
801	5826	11100	543
802	11069	517	5794
803	471	11039	5758
804	10627	5357	78
805	581	11151	5869
806	6195	909	11473
807	11006	5728	441
808	307	5595	10875
809	26	10594	5316
810	388	10952	5675
811	1027	11612	6319
812	10841	279	5566
813	10794	5511	224
814	10588	5304	18
815	6190	905	11471
816	11571	1010	6293
817	316	10881	5603
818	11503	941	6224
819	5738	11012	455
820	11165	5888	601
821	11174	614	5895
822	159	5442	10722
823	6115	11398	828
824	6266	983	11548
825	5402	10684	114
826	483	5770	11052
827	701	5985	11261
828	522	11098	5813
829	5581	10862	292
830	5378	89	10663
831	933	6222	11503
832	6014	11295	727
833	6306	11587	1021
834	11124	5839	550
835	46	10616	5333
836	5682	397	10967
837	5880	595	11165
838	10848	5565	277
839	10948	5667	376
840	5920	635	11203
841	10803	5510	16090
842	11269	699	5988
843	24	5313	10596
844	918	11491	6205
845	11282	6000	714
846	10946	5672	391
847	331	5616	10896
848	11272	691	5982
849	11140	568	5857
850	667	11241	5956
851	912	11491	6201
852	230	10798	5516
853	5363	78	10647
854	5354	65	10635
855	618	5907	11188
856	622	11190	5911
857	360	10928	5645
858	11	5306	10589
859	11522	6235	944
860	5624	327	10907
861	954	11531	6248
862	6315	11604	1025
863	11593	1021	6311
864	5339	50	10624
865	10824	249	5537
866	5620	331	10905
867	10621	5336	44
868	442	11018	5731
869	6044	11325	759
870	5671	10952	386
871	6023	736	11306
872	5881	11164	594
873	11569	6288	997
874	734	11310	6027
875	755	11328	6049
876	10747	181	5468
877	6049	772	11326
878	10733	168	5453
879	10650	82	5368
880	5499	10784	207
881	5988	699	11273
882	5712	11140	432
883	11233	5961	682
884	5624	331	10907
885	871	11426	6152
886	6175	11456	892
887	10911	342	5627
888	10880	5599	314
889	11434	6157	873
890	14458	19742	9166
891	194	5479	10758
892	697	5973	11243
893	5513	10797	221
894	6190	905	11473
895	723	6007	11288
896	5759	11036	476
897	630	5913	11190
898	438	5725	11004
899	6205	11488	918
900	882	6167	11452
901	11439	882	6163
902	11193	634	5916
903	11434	875	6156
904	220	5503	10781
905	11489	6212	925
906	265	5550	10837
907	6253	11538	966
908	288	5574	10859
909	808	11372	6093
910	6280	11559	993
911	11194	631	5914
912	5383	10651	108
913	5645	367	10915
914	5870	11147	594
915	284	5573	10856
916	325	10894	5616
917	143	5428	10706
918	5751	464	11034
919	864	11411	6139
920	11195	5914	633
921	419	5708	10989
922	579	5864	11143
923	513	5804	11083
924	5914	11194	633
925	5583	296	10866
926	5804	524	11079
927	129	5414	10693
928	10946	5669	384
929	250	10817	5537
930	67	5342	10614
931	10918	374	5648
932	11026	301	5586
933	445	11004	5728
934	732	11300	6021
935	5694	411	10974
936	10993	425	5710
937	10629	70	5355
938	228	5515	10796
939	10741	175	5462
940	5374	10653	89
941	11533	6253	966
942	419	5708	10987
943	6277	993	11565
944	10758	188	5477
945	464	11032	5751
946	295	5578	10861
947	5839	11116	556
948	11308	742	6030
949	11539	6256	967
950	11192	627	5910
951	822	6100	11367
952	22	10588	5308
953	5963	11244	676
954	472	5753	11031
955	6055	11335	768
956	10755	192	5479
957	5650	10927	367
958	6046	11327	761
959	6150	11428	863
960	5742	455	11023
961	11081	505	5796
962	326	5613	10894
963	5320	10603	33
964	11027	459	5746
965	191	5483	10763
966	404	10973	5689
967	10759	5482	191
968	6047	11324	760
969	10877	335	5609
970	99	5384	10665
971	35	5324	10605
972	5592	309	10871
973	10832	272	5555
974	956	11526	6243
975	490	5783	11068
976	5786	11067	501
977	284	10858	5573
978	5513	226	10798
979	11070	5783	498
980	5948	11229	661
981	936	6225	11503
982	5785	502	11064
983	11505	6224	939
984	11248	5968	682
985	11430	864	6149
986	5924	11207	637
987	1008	6295	11575
988	6164	886	11439
989	10569	5294	16
990	10712	5434	145
991	10946	5669	386
992	252	10813	5535
993	215	10776	5498
994	10762	203	5484
995	6152	11428	867
996	11330	6053	770
997	5788	11064	505
998	5507	226	10785
999	6246	963	11523

