Reaction test v3
type	A+B+C
number	1000

max value	65536
unit	us

test	A	B	C
0	70	217	3568
1	1812	1959	4262
2	451	596	3949
3	1186	1331	3633
4	386	533	3883
5	1818	1964	4267
6	470	617	3970
7	1438	1584	3889
8	1927	2074	3340
9	25	75	4410
10	339	386	3737
11	1574	1721	4021
12	37	84	3433
13	1128	1275	3576
14	601	648	3999
15	1453	1600	3900
16	16	66	3416
17	1236	1383	3686
18	593	641	3992
19	1173	1222	3524
20	188	236	3585
21	1891	1939	4241
22	800	849	4198
23	2027	35	4375
24	27	76	3421
25	1946	1993	4292
26	175	225	3573
27	1602	1650	3951
28	186	236	3585
29	1805	1852	4155
30	408	457	3802
31	1058	1108	3408
32	671	718	4067
33	1511	1560	3859
34	482	529	3876
35	1323	1370	3669
36	2056	19	3370
37	1865	1914	4215
38	2024	2072	3338
39	1473	1523	3822
40	181	230	3575
41	1947	1996	4297
42	80	129	3476
43	1826	1873	4174
44	31	79	3430
45	1965	2014	4315
46	768	815	4164
47	1178	1228	3528
48	817	865	4211
49	1881	1929	4231
50	599	649	3997
51	1584	1633	3932
52	725	774	4121
53	1855	1903	4205
54	611	658	4005
55	1812	1862	4162
56	693	742	4091
57	1947	1994	4297
58	173	221	3570
59	1040	1087	3390
60	341	388	3739
61	1269	1316	3619
62	427	474	3825
63	1958	2006	4310
64	185	232	3581
65	1938	1986	4288
66	775	823	4174
67	1925	1974	4273
68	155	205	3553
69	1863	1913	4215
70	528	576	3924
71	1977	2026	4327
72	879	926	4275
73	1998	6	4346
74	834	883	4230
75	1891	1940	4243
76	586	636	3981
77	1898	1946	4248
78	110	157	3506
79	1728	1777	4078
80	854	902	4251
81	1809	1858	4161
82	656	705	4052
83	1338	1388	3686
84	755	804	4155
85	1518	1567	3868
86	61	110	3459
87	1225	1275	3573
88	220	270	3616
89	1310	1358	3658
90	67	114	3459
91	1327	1376	3677
92	541	590	3939
93	1942	1991	4294
94	34	82	3431
95	1141	1188	3491
96	385	433	3782
97	1702	1751	4052
98	326	375	3726
99	1298	1348	3648
100	192	241	3588
101	1645	1693	3993
102	2035	2083	3351
103	46	95	4432
104	108	157	3506
105	1421	1470	3773
106	595	643	3991
107	1323	1370	3673
108	160	208	3560
109	1631	1680	3982
110	457	506	3857
111	1930	1978	4280
112	368	416	3766
113	2032	38	4382
114	219	268	3619
115	1678	1725	4028
116	633	683	4031
117	1895	1942	4245
118	618	667	4014
119	1707	1755	4055
120	451	498	3847
121	1561	1610	3911
122	446	495	3842
123	1719	1767	4067
124	519	568	3919
125	1152	1199	3500
126	346	395	3742
127	1257	1305	3604
128	215	262	3609
129	1156	1204	3504
130	725	774	4121
131	1816	1864	4166
132	938	986	4336
133	1518	1568	3870
134	301	348	3699
135	1182	1231	3530
136	815	864	4211
137	1254	1303	3604
138	772	820	4170
139	1704	1752	4052
140	179	227	3579
141	1042	1090	3394
142	817	866	4215
143	1914	1963	4264
144	11	58	3407
145	1859	1908	4207
146	65	113	3463
147	1357	1406	3707
148	35	82	3433
149	1895	1942	4245
150	382	431	3780
151	1737	1787	4085
152	267	315	3665
153	1066	1116	3416
154	442	489	3838
155	1175	1223	3523
156	708	757	4104
157	1546	1593	3896
158	224	274	3619
159	1837	1884	4185
160	952	1001	4350
161	1888	1935	4238
162	635	683	4031
163	2027	37	4375
164	698	746	4094
165	1171	1220	3519
166	695	742	4091
167	1748	1798	4100
168	714	762	4110
169	1428	1478	3778
170	954	1002	4350
171	1434	1481	3782
172	258	307	3658
173	1417	1465	3767
174	760	810	4160
175	1977	2025	4327
176	379	427	3779
177	1683	1730	4034
178	620	669	4020
179	1814	1862	4162
180	205	254	3605
181	1471	1521	3823
182	626	675	4022
183	25	73	4410
184	2021	2070	3336
185	2026	34	4376
186	182	229	3582
187	1209	1256	3559
188	600	647	3996
189	2032	38	4378
190	436	484	3833
191	50	99	4436
192	770	817	4168
193	1299	1348	3651
194	384	433	3784
195	1430	1479	3782
196	790	840	4190
197	1887	1936	4239
198	433	482	3833
199	1188	1237	3540
200	749	798	4149
201	1428	1478	3780
202	492	541	3892
203	1064	1113	3416
204	633	680	4035
205	1875	1922	4225
206	888	936	4288
207	1593	1641	3945
208	793	840	4193
209	1439	1487	3789
210	800	847	4200
211	1455	1502	3806
212	918	966	4318
213	2017	23	4368
214	874	924	4274
215	1819	1869	4171
216	325	373	3721
217	1190	1238	3540
218	247	296	3647
219	2000	7	4350
220	325	373	3723
221	1524	1573	3876
222	868	917	4268
223	1792	1841	4142
224	875	922	4271
225	1055	1103	3407
226	2050	11	3365
227	1891	1939	4243
228	393	440	3789
229	1754	1803	4104
230	652	701	4050
231	1927	1974	4277
232	768	817	4168
233	1350	1399	3702
234	213	260	3611
235	1639	1687	3991
236	87	135	3485
237	1576	1624	3926
238	795	844	4193
239	1233	1282	3583
240	415	463	3815
241	1188	1238	3542
242	416	463	3814
243	1146	1194	3495
244	560	609	3958
245	1743	1793	4095
246	489	538	3889
247	1691	1738	4041
248	736	785	4136
249	1423	1472	3775
250	888	938	4286
251	1227	1275	3579
252	755	804	4151
253	1101	1151	3451
254	838	887	4234
255	1514	1562	3864
256	587	636	3983
257	1466	1515	3816
258	957	1007	4356
259	1899	1948	4249
260	2064	26	3378
261	1593	1640	3943
262	107	156	3505
263	1143	1191	3493
264	329	377	3728
265	1606	1654	3958
266	444	493	3844
267	1411	1459	3761
268	775	825	4174
269	1529	1579	3881
270	479	526	3877
271	1937	1986	4288
272	85	133	3483
273	1123	1170	3473
274	810	857	4210
275	1843	1892	4195
276	173	223	3571
277	1793	1841	4142
278	496	545	3892
279	1053	1102	3401
280	413	461	3810
281	2029	37	4376
282	952	1001	4352
283	1572	1620	3922
284	44	94	3538
285	2006	14	4352
286	350	397	3845
287	1489	1539	3839
288	920	969	4415
289	1781	1830	4131
290	489	536	3980
291	1105	1155	3553
292	518	566	4014
293	1789	1837	4237
294	962	1011	4455
295	1255	1303	3701
296	2060	21	3473
297	1306	1354	3754
298	824	874	4320
299	1046	1093	3493
300	166	216	3662
301	1576	1623	4023
302	754	802	4248
303	1078	1125	3525
304	768	815	4263
305	1723	1772	4170
306	552	602	4046
307	1293	1341	3741
308	740	789	4234
309	1216	1266	3664
310	839	887	4335
311	1077	1125	3525
312	712	761	4209
313	1722	1772	4170
314	521	570	4016
315	1546	1595	3997
316	86	135	3581
317	1042	1089	3489
318	691	741	4189
319	1555	1603	4003
320	65	114	3562
321	1520	1569	3969
322	268	315	3763
323	1800	1849	4251
324	412	461	3907
325	1075	1123	3523
326	462	510	3958
327	1795	1841	4239
328	433	480	3928
329	1713	1763	4161
330	2078	39	3491
331	1173	1222	3622
332	562	611	4057
333	1798	1847	4247
334	187	235	3681
335	1646	1695	4093
336	65	115	3561
337	1685	1735	4133
338	483	533	3977
339	1460	1509	3906
340	152	201	3643
341	1961	66	4408
342	373	422	3864
343	1210	1258	3656
344	16	163	3514
345	1104	1151	3551
346	652	799	4145
347	1704	1751	4151
348	661	806	4155
349	1865	1914	4313
350	158	305	3654
351	1868	1916	4318
352	2001	59	3412
353	1920	26	4365
354	670	817	4164
355	1681	1828	4126
356	5	152	3499
357	93	142	4479
358	865	1010	4361
359	1036	1183	3484
360	860	907	4256
361	11	60	4395
362	539	587	3938
363	1490	1637	3935
364	1900	2047	3313
365	1576	1723	4021
366	892	939	4286
367	1250	1297	3598
368	2071	35	3385
369	1720	1768	4069
370	344	391	3738
371	1162	1211	3510
372	303	352	3701
373	1801	1849	4149
374	415	463	3808
375	1475	1523	3823
376	469	519	3866
377	1101	1149	3449
378	855	904	4249
379	1220	1270	3568
380	550	600	3947
381	1267	1315	3615
382	451	499	3850
383	1617	1667	3967
384	78	127	3478
385	1163	1211	3511
386	562	611	3958
387	1694	1744	4043
388	318	368	3713
389	1670	1717	4020
390	280	328	3675
391	1914	1963	4264
392	354	402	3750
393	7	56	4387
394	763	812	4159
395	1066	1114	3416
396	637	684	4033
397	1370	1417	3720
398	560	609	3956
399	1329	1378	3679
400	2026	2074	3340
401	1223	1271	3573
402	532	580	3928
403	1690	1738	4039
404	875	924	4273
405	1505	1554	3853
406	211	258	3605
407	1364	1412	3714
408	2009	2057	3323
409	1492	1542	3842
410	882	929	4278
411	1569	1617	3919
412	299	347	3697
413	1173	1223	3523
414	2064	25	3378
415	1634	1683	3982
416	129	176	3527
417	37	86	4421
418	464	511	3860
419	1874	1922	4224
420	2025	2074	3340
421	1735	1783	4082
422	361	410	3757
423	44	92	4423
424	2066	31	3378
425	1466	1513	3814
426	719	767	4113
427	1251	1301	3601
428	2058	18	3372
429	1347	1397	3695
430	93	142	3491
431	1574	1623	3926
432	875	922	4271
433	1488	1537	3834
434	912	959	4308
435	1503	1550	3851
436	164	213	3560
437	1732	1780	4080
438	952	1000	4347
439	1981	2029	4331
440	766	813	4162
441	1514	1562	3863
442	785	833	4178
443	1495	1545	3847
444	912	962	4312
445	48	97	4434
446	929	978	4327
447	1126	1176	3476
448	309	356	3705
449	1775	1825	4125
450	2048	11	3361
451	1603	1650	3953
452	603	652	4003
453	2044	50	4391
454	96	144	3495
455	1349	1396	3699
456	727	774	4125
457	1387	1436	3739
458	421	468	3821
459	1863	1912	4215
460	701	750	4099
461	1334	1381	3684
462	301	348	3699
463	1627	1676	3977
464	313	362	3711
465	1679	1729	4029
466	682	729	4080
467	1754	1804	4104
468	2053	15	3369
469	1233	1281	3583
470	337	386	3733
471	1421	1468	3771
472	258	307	3658
473	1037	1086	3388
474	2046	11	3361
475	1833	1880	4181
476	760	808	4156
477	1316	1365	3664
478	403	450	3799
479	1173	1220	3521
480	83	131	3480
481	1814	1863	4162
482	294	341	3688
483	1227	1277	3577
484	2057	20	3369
485	1274	1323	3624
486	565	613	3963
487	1130	1177	3478
488	172	219	3566
489	1979	2029	4327
490	35	84	3431
491	1064	1114	3414
492	766	813	4162
493	1418	1466	3766
494	565	615	3962
495	1507	1555	3857
496	166	213	3560
497	1726	1776	4076
498	758	808	4154
499	1713	1763	4063
500	894	941	4290
501	1643	1693	3993
502	99	148	3495
503	1402	1451	3750
504	183	231	3580
505	2026	34	4374
506	918	967	4316
507	1535	1584	3885
508	917	964	4313
509	1267	1316	3617
510	22	70	3418
511	1245	1294	3595
512	697	746	4095
513	2016	26	4361
514	616	666	4015
515	1651	1699	4001
516	914	963	4312
517	1675	1725	4024
518	477	526	3875
519	1376	1423	3724
520	268	315	3664
521	1662	1712	4010
522	2030	2079	3345
523	1120	1170	3472
524	203	251	3600
525	1687	1735	4037
526	847	895	4245
527	1448	1496	3798
528	828	876	4226
529	1259	1308	3609
530	148	197	3546
531	2015	23	4363
532	555	602	3953
533	1959	2007	4309
534	668	718	4070
535	1863	1910	4213
536	2061	22	3374
537	1966	2016	4318
538	301	348	3699
539	1169	1219	3519
540	106	153	3504
541	1957	2004	4307
542	2004	2051	3317
543	1919	1968	4267
544	933	983	4333
545	1863	1911	4211
546	481	529	3878
547	1705	1755	4057
548	826	875	4224
549	1587	1637	3937
550	792	840	4189
551	1698	1745	4046
552	2089	50	3403
553	1291	1339	3639
554	507	557	3906
555	1616	1663	3968
556	260	307	3658
557	1464	1511	3814
558	423	472	3823
559	1846	1895	4198
560	352	399	3750
561	1848	1897	4196
562	547	594	3943
563	1895	1943	4245
564	408	457	3808
565	2009	18	4359
566	246	296	3646
567	1511	1560	3863
568	481	529	3878
569	1184	1233	3534
570	50	97	3448
571	1447	1494	3797
572	378	425	3774
573	1980	2029	4330
574	207	255	3605
575	1947	1995	4295
576	710	757	4106
577	1916	1965	4266
578	689	737	4086
579	1434	1481	3782
580	367	416	3765
581	1319	1367	3669
582	542	589	3938
583	1423	1470	3773
584	2072	33	3386
585	24	73	4408
586	938	988	4336
587	1835	1884	4185
588	67	116	3465
589	1572	1622	3920
590	797	844	4191
591	1918	1967	4268
592	510	557	3906
593	1936	1986	4286
594	878	928	4275
595	1190	1238	3540
596	346	393	3742
597	1258	1307	3608
598	653	701	4050
599	1077	1124	3425
600	898	945	4294
601	1951	2000	4301
602	584	631	3980
603	1409	1459	3756
604	356	405	3750
605	1207	1254	3555
606	2060	23	3372
607	1273	1320	3621
608	116	163	3510
609	1771	1821	4120
610	719	769	4114
611	1538	1588	3888
612	2070	35	3382
613	1723	1770	4069
614	361	410	3757
615	1623	1671	3971
616	753	803	4150
617	1803	1851	4153
618	458	506	3853
619	1952	2001	4300
620	2064	27	3376
621	1237	1286	3585
622	273	320	3665
623	1411	1460	3759
624	648	695	4040
625	1201	1248	3549
626	961	1008	4355
627	1451	1500	3799
628	346	394	3741
629	2030	40	4376
630	532	579	4024
631	2042	50	4389
632	784	832	4278
633	1954	2002	4303
634	581	628	4076
635	1787	1836	4135
636	779	826	4273
637	1317	1367	3763
638	704	753	4196
639	1830	1877	4275
640	431	478	3922
641	1437	1487	3885
642	341	388	3835
643	1542	1590	3990
644	312	362	3804
645	1475	1525	3921
646	817	865	4309
647	2021	31	4466
648	905	953	4395
649	1224	1271	3669
650	476	523	3966
651	1085	1132	3530
652	498	547	3990
653	1539	1586	3984
654	123	171	3613
655	1592	1639	4035
656	138	185	3629
657	1500	1549	3943
658	864	913	4358
659	1659	1706	4102
660	859	909	4353
661	1809	1856	4253
662	753	802	4247
663	1096	1145	3542
664	507	557	3999
665	1537	1585	3981
666	544	594	4038
667	1755	1802	4200
668	454	504	3944
669	2001	13	4442
670	675	724	4166
671	1104	1153	3551
672	701	750	4193
673	1120	1170	3566
674	426	474	3918
675	1096	1144	3542
676	26	73	3520
677	1505	1554	3950
678	160	208	3654
679	1538	1586	3984
680	2050	11	3461
681	1334	1382	3782
682	558	606	4052
683	1587	1635	4031
684	610	660	4104
685	1854	1901	4300
686	580	628	4074
687	1304	1352	3750
688	1970	2018	3381
689	1939	48	4384
690	748	797	4241
691	1535	1583	3981
692	260	407	3752
693	1465	1515	3911
694	95	241	3588
695	1432	1479	3876
696	339	486	3829
697	1937	46	4380
698	1919	1969	3333
699	1251	1299	3695
700	785	930	4275
701	1563	1708	4009
702	1917	2064	3329
703	1670	1817	4115
704	669	816	4163
705	16	65	4395
706	183	330	3675
707	1655	1802	4101
708	251	298	3645
709	1604	1751	4048
710	70	120	3463
711	1864	2011	4310
712	1923	2068	3332
713	1875	2020	4316
714	395	442	3787
715	990	1136	3435
716	2083	48	3394
717	1798	1847	4146
718	2055	20	3367
719	1267	1316	3615
720	412	459	3806
721	1863	1912	4213
722	91	140	3485
723	1464	1511	3812
724	2081	43	3395
725	1295	1342	3643
726	29	77	3422
727	1169	1217	3517
728	474	523	3870
729	1905	1954	4256
730	395	443	3789
731	1818	1865	4168
732	114	163	3510
733	1535	1584	3883
734	2049	12	3363
735	1062	1112	3409
736	130	178	3524
737	1589	1637	3937
738	684	733	4078
739	1503	1551	3851
740	905	953	4298
741	1151	1198	3499
742	546	596	3941
743	1880	1930	4228
744	646	693	4040
745	1105	1155	3453
746	327	375	3718
747	1925	1974	4273
748	956	1003	4350
749	1953	2001	4299
750	737	786	4131
751	1827	1876	4177
752	747	797	4146
753	1914	1963	4264
754	723	771	4117
755	1778	1828	4127
756	175	224	3569
757	1079	1128	3425
758	883	932	4277
759	1319	1368	3667
760	2025	2072	3336
761	1415	1463	3762
762	847	896	4240
763	1668	1716	4014
764	795	842	4187
765	1150	1200	3495
766	2048	13	3361
767	1346	1393	3694
768	369	418	3762
769	1918	1965	4262
770	924	972	4318
771	1400	1447	3748
772	695	744	4091
773	1107	1157	3457
774	457	504	3849
775	1308	1358	3658
776	944	994	4340
777	2036	46	4385
778	486	534	3881
779	23	71	4404
780	948	998	4343
781	1102	1151	3448
782	174	223	3568
783	1788	1835	4134
784	99	148	3491
785	1634	1681	3982
786	181	231	3574
787	1996	6	4340
788	542	591	3938
789	1343	1393	3691
790	411	459	3802
791	1066	1113	3412
792	326	373	3718
793	1043	1091	3391
794	785	832	4177
795	7	56	4389
796	2000	2049	3313
797	1247	1294	3597
798	241	290	3641
799	1282	1329	3630
800	599	647	3992
801	1162	1209	3508
802	474	523	3870
803	1679	1728	4029
804	2057	18	3369
805	1261	1308	3611
806	878	928	4276
807	1115	1162	3463
808	809	857	4205
809	1706	1755	4056
810	77	124	3475
811	1197	1245	3546
812	785	832	4181
813	1614	1662	3962
814	504	553	3900
815	1403	1451	3751
816	567	615	3961
817	1968	2018	4318
818	578	628	3973
819	26	75	4408
820	140	187	3534
821	1371	1419	3721
822	758	806	4154
823	2002	10	4350
824	853	902	4249
825	1346	1395	3694
826	361	410	3757
827	1141	1190	3489
828	372	422	3769
829	1432	1479	3778
830	781	829	4179
831	1726	1773	4074
832	468	518	3867
833	1604	1652	3954
834	580	630	3976
835	1890	1939	4240
836	738	787	4134
837	1679	1728	4029
838	2063	26	3376
839	1958	2006	4306
840	861	909	4256
841	1497	1545	3845
842	24	73	3416
843	1569	1618	3917
844	380	430	3778
845	1981	2030	4329
846	948	996	4343
847	1291	1340	3641
848	503	551	3901
849	1978	2025	4328
850	703	750	4101
851	4	54	4389
852	891	939	4288
853	1756	1805	4106
854	867	916	4263
855	1805	1854	4155
856	903	950	4301
857	1781	1830	4131
858	687	736	4085
859	1947	1995	4297
860	397	444	3795
861	1287	1336	3637
862	2026	2076	3340
863	1238	1288	3586
864	680	727	4076
865	1979	2026	4329
866	10	58	3406
867	1165	1214	3515
868	2056	18	3372
869	1430	1480	3778
870	746	795	4142
871	1893	1941	4241
872	918	965	4310
873	1053	1103	3405
874	123	170	3519
875	1105	1153	3455
876	532	579	3930
877	14	63	4398
878	465	512	3863
879	1110	1157	3460
880	518	568	3918
881	1416	1466	3766
882	573	622	3973
883	1829	1879	4181
884	2015	2062	3328
885	1920	1967	4271
886	372	421	3772
887	1306	1356	3658
888	795	842	4195
889	1874	1922	4224
890	528	576	3926
891	1550	1600	3900
892	723	770	4119
893	2028	38	4376
894	946	996	4343
895	1582	1632	3932
896	764	813	4160
897	1074	1123	3424
898	768	815	4164
899	1824	1871	4172
900	273	322	3671
901	33	82	4421
902	963	1011	4360
903	1780	1830	4128
904	2026	2076	3340
905	1943	1991	4292
906	359	407	3753
907	1840	1888	4188
908	2048	13	3361
909	1583	1631	3930
910	151	199	3546
911	1250	1297	3598
912	538	587	3934
913	1720	1770	4068
914	749	796	4145
915	1538	1586	3885
916	581	630	3977
917	1914	1961	4262
918	830	880	4225
919	1282	1331	3628
920	2059	22	3373
921	1051	1100	3399
922	685	735	4082
923	1971	2019	4318
924	729	778	4125
925	1128	1177	3478
926	370	418	3763
927	2019	27	4367
928	303	353	3701
929	1158	1205	3508
930	558	605	3952
931	26	73	4406
932	286	334	3681
933	1046	1095	3394
934	554	602	3949
935	1355	1402	3705
936	556	604	3951
937	1805	1852	4153
938	421	470	3815
939	1672	1720	4020
940	228	275	3622
941	1211	1260	3561
942	845	893	4239
943	1771	1819	4121
944	526	575	3922
945	1671	1719	4019
946	556	603	3952
947	1972	2021	4318
948	566	613	3962
949	1218	1265	3564
950	305	354	3701
951	1449	1496	3793
952	2062	26	3374
953	1599	1648	3945
954	601	650	3995
955	1576	1626	3924
956	702	752	4098
957	1347	1395	3696
958	191	240	3587
959	1361	1410	3711
960	455	503	3849
961	1855	1904	4203
962	796	845	4192
963	1950	1999	4300
964	200	250	3593
965	1405	1453	3753
966	464	513	3860
967	1663	1710	4011
968	404	454	3802
969	1645	1693	3995
970	174	221	3570
971	1503	1553	3853
972	367	416	3765
973	1624	1674	3974
974	813	860	4211
975	1836	1886	4184
976	659	706	4051
977	1810	1860	4160
978	464	512	3860
979	1171	1220	3519
980	327	375	3721
981	1970	2020	4320
982	423	470	3916
983	2016	24	4361
984	438	487	3930
985	1199	1247	3548
986	957	1005	4453
987	1576	1624	4024
988	2075	38	3488
989	1166	1215	3612
990	69	118	3562
991	1855	1903	4297
992	156	206	3654
993	1930	1978	4376
994	928	975	4425
995	1968	2018	4416
996	2060	22	3472
997	1583	1631	4033
998	941	990	4436
999	1152	1200	3598
