Reaction test v3
type	A+B+C
number	1000

max value	65536
unit	us

test	A	B	C
0	1480	7	428
1	1079	2132	26
2	4	908	1966
3	7	825	1882
4	1301	99	248
5	954	2009	6
6	6	92	1147
7	1880	5	827
8	6	377	1434
9	2084	4	1031
10	1517	5	464
11	1562	5	511
12	439	1494	7
13	1130	5	75
14	175	1228	7
15	1207	5	156
16	5	893	1950
17	5	364	1419
18	7	644	1699
19	5	438	1495
20	5	561	1614
21	1909	5	857
22	31	226	1283
23	973	2030	6
24	5	1025	2083
25	7	711	1766
26	816	1869	7
27	503	1558	7
28	5	722	1781
29	1737	5	685
30	781	1836	5
31	135	1190	6
32	1463	5	409
33	1125	5	74
34	409	1460	5
35	736	1789	9
36	328	1382	7
37	928	1983	7
38	6	926	1980
39	1071	2122	18
40	5	981	2038
41	411	1466	7
42	208	1259	6
43	116	1169	6
44	863	1914	7
45	126	1177	5
46	1571	7	518
47	955	2008	7
48	207	1262	7
49	5	458	1511
50	715	1768	9
51	66	1118	7
52	5	209	1264
53	347	1400	87
54	1549	7	497
55	421	1472	7
56	1385	63	332
57	1118	7	67
58	786	1839	9
59	1657	5	604
60	647	1700	6
61	4	913	1968
62	583	1635	7
63	130	1181	7
64	52	338	1395
65	1743	4	692
66	5	582	1639
67	554	1607	7
68	1098	5	46
69	2017	5	964
70	1933	5	876
71	1485	5	434
72	1663	7	612
73	2093	7	1040
74	5	959	2016
75	1024	2079	7
76	5	271	1326
77	2049	4	996
78	591	1644	5
79	1992	5	938
80	1190	4	137
81	582	1637	7
82	198	1251	7
83	1984	5	932
84	5	68	1123
85	7	676	1732
86	5	66	1121
87	5	1047	2102
88	5	514	1571
89	5	508	1561
90	520	1575	7
91	1830	5	777
92	184	1237	8
93	857	1910	6
94	7	166	1221
95	1384	5	333
96	5	103	1160
97	6	201	1258
98	5	1036	2089
99	229	1282	7
100	5	936	1991
101	775	1830	7
102	5	170	1227
103	1642	4	589
104	1899	7	844
105	1466	22	413
106	1001	2054	6
107	986	2040	6
108	5	257	1312
109	178	1230	6
110	1800	5	749
111	2124	16	1073
112	1429	7	374
113	1606	5	555
114	775	1830	7
115	546	1601	7
116	1438	5	387
117	5	878	1935
118	2062	5	1011
119	5	267	1324
120	723	1774	7
121	310	1365	7
122	5	1053	2109
123	5	415	1472
124	2066	5	1011
125	1440	5	388
126	1425	5	374
127	1931	5	876
128	4	859	1916
129	1828	5	773
130	8	1063	2118
131	808	1860	7
132	1263	4	210
133	176	1230	6
134	216	1269	6
135	966	2019	7
136	499	1556	33
137	5	636	1691
138	5	265	1322
139	5	122	1179
140	334	1389	7
141	593	1648	7
142	768	1821	5
143	5	107	1162
144	5	357	1410
145	5	430	1483
146	5	736	1791
147	6	491	1544
148	1835	5	782
149	5	214	1269
150	856	1909	9
151	5	488	1545
152	96	1153	7
153	728	1781	5
154	587	1640	74
155	87	1142	7
156	293	1348	6
157	1659	80	602
158	205	1256	6
159	1905	5	852
160	45	1098	7
161	5	468	1524
162	7	252	1309
163	5	90	1145
164	5	735	1792
165	5	426	1479
166	1009	2063	7
167	571	1624	26
168	439	1494	6
169	1228	5	175
170	2003	5	950
171	764	1820	7
172	1138	7	85
173	807	1860	7
174	5	468	1523
175	5	947	2002
176	1363	5	308
177	287	1340	8
178	5	225	1282
179	1764	5	709
180	1071	2126	20
181	9	591	1646
182	1429	7	377
183	1920	7	865
184	1118	5	63
185	6	795	1850
186	5	488	1543
187	1368	6	313
188	756	1811	6
189	1374	5	321
190	880	1935	6
191	1363	5	310
192	4	212	1269
193	1098	5	45
194	1106	6	53
195	303	1356	7
196	1590	5	537
197	5	318	1373
198	1234	7	181
199	5	929	1986
200	7	158	1213
201	7	113	1170
202	1966	6	915
203	151	1206	7
204	436	1493	7
205	619	1672	6
206	164	1219	7
207	565	1620	7
208	990	2045	7
209	2013	5	958
210	254	1309	7
211	5	794	1849
212	2121	11	1066
213	810	1865	8
214	5	263	1316
215	803	1856	7
216	368	1421	7
217	7	970	2021
218	1407	5	353
219	870	1923	4
220	727	1782	45
221	5	308	1363
222	1299	5	244
223	1114	5	61
224	5	653	1710
225	1181	5	130
226	1906	6	857
227	5	921	1978
228	820	1872	7
229	767	1822	61
230	2096	5	1043
231	2028	5	975
232	1262	5	211
233	5	100	1155
234	5	153	1208
235	1776	5	722
236	876	1931	7
237	1460	7	409
238	690	1747	6
239	2085	7	1030
240	758	1813	20
241	969	2024	6
242	1659	5	606
243	84	830	1885
244	394	1449	7
245	5	972	2031
246	5	719	1778
247	18	1073	2130
248	59	820	1873
249	781	1836	22
250	5	762	1819
251	5	177	1234
252	728	1781	7
253	743	1797	5
254	2008	5	953
255	1665	5	613
256	2074	5	1021
257	1200	5	147
258	2015	7	962
259	18	1069	2126
260	1093	2146	38
261	5	980	2036
262	5	222	1279
263	7	794	1850
264	1402	5	347
265	94	1149	8
266	1670	4	615
267	330	1385	6
268	1914	46	861
269	1974	103	919
270	1458	4	403
271	5	1054	2109
272	7	128	1187
273	11	839	1894
274	5	951	2008
275	203	1256	6
276	5	698	1755
277	6	111	1166
278	1094	2147	42
279	183	1238	7
280	1185	5	130
281	1755	5	702
282	516	1571	7
283	2062	5	1007
284	1245	7	194
285	466	1521	7
286	1964	48	911
287	5	816	1871
288	2060	5	1005
289	5	122	1177
290	1344	5	289
291	1355	5	304
292	1602	5	548
293	6	497	1552
294	1989	56	936
295	70	951	2006
296	5	66	1123
297	605	1660	5
298	5	761	1816
299	454	1509	7
300	1545	5	490
301	4	437	1494
302	9	905	1962
303	5	124	1181
304	5	840	1897
305	1877	5	824
306	775	1828	5
307	5	655	1712
308	5	1036	2092
309	113	1165	7
310	7	267	1324
311	455	1508	7
312	943	1998	27
313	45	1098	7
314	141	1192	7
315	7	1049	2104
316	5	836	1893
317	1697	5	642
318	1269	5	220
319	7	211	1268
320	2089	93	1036
321	4	249	1304
322	7	237	1292
323	1264	5	211
324	198	1253	7
325	1206	5	155
326	195	1250	6
327	1365	5	310
328	1020	2074	5
329	2203	93	1150
330	402	1455	7
331	5	908	1966
332	5	404	1461
333	5	316	1373
334	669	1724	6
335	5	730	1787
336	1312	5	259
337	1776	5	724
338	5	854	1911
339	1832	5	781
340	5	466	1522
341	2235	127	1182
342	5	822	1875
343	5	565	1622
344	2128	20	1075
345	141	1198	5
346	6	818	1874
347	395	1448	7
348	480	1531	6
349	1234	5	181
350	2110	5	1057
351	1809	5	756
352	111	1168	2223
353	5	220	1275
354	1473	4	422
355	1986	5	934
356	5	986	2041
357	2176	64	1121
358	810	1862	7
359	4	373	1430
360	1389	7	336
361	5	820	1877
362	254	1307	5
363	963	2016	7
364	2139	31	1088
365	1740	7	685
366	5	299	1354
367	1847	5	792
368	7	600	1654
369	191	1246	6
370	1263	4	208
371	1174	2228	123
372	2025	5	970
373	5	662	1721
374	1475	6	424
375	556	1611	7
376	672	1727	7
377	123	1176	2231
378	7	278	1333
379	1824	5	771
380	5	574	1629
381	6	964	2021
382	5	259	1316
383	1045	2098	5
384	1988	5	934
385	2059	5	1006
386	1843	4	789
387	5	818	1871
388	1768	6	713
389	1911	5	857
390	7	430	1489
391	1453	4	401
392	1618	7	565
393	244	1299	7
394	7	953	2008
395	884	1939	7
396	227	1280	7
397	960	2013	7
398	1481	5	428
399	516	1569	6
400	426	1483	7
401	5	1003	2058
402	1755	5	702
403	24	126	1183
404	5	916	1972
405	5	910	1967
406	1927	5	876
407	150	1205	40
408	1083	2139	31
409	430	1483	7
410	5	537	1594
411	316	1371	7
412	2121	15	1070
413	5	265	1320
414	2070	5	1017
415	151	1206	18
416	1494	5	441
417	671	1724	6
418	558	1611	5
419	493	1548	6
420	84	233	1287
421	29	182	1239
422	5	666	1721
423	70	1127	5
424	921	1976	5
425	1536	5	482
426	1731	7	680
427	60	230	1288
428	1843	7	788
429	1946	5	895
430	1180	5	128
431	302	1357	6
432	458	1513	7
433	777	1830	7
434	750	1801	6
435	1005	2058	6
436	1360	5	306
437	867	1920	7
438	1395	7	338
439	593	1646	7
440	1123	5	71
441	5	169	1226
442	760	1811	7
443	1698	4	647
444	5	634	1691
445	1080	2132	25
446	7	981	2038
447	7	100	1155
448	216	1271	5
449	1140	5	89
450	1194	6	139
451	5	608	1663
452	2113	4	1058
453	1590	6	535
454	1123	7	72
455	1369	77	316
456	706	1761	7
457	473	1526	7
458	5	738	1795
459	1215	7	162
460	4	88	1145
461	7	257	1314
462	6	810	1865
463	518	1571	6
464	333	1386	74
465	40	304	1361
466	5	379	1436
467	1603	5	548
468	2005	5	951
469	5	468	1525
470	1220	5	167
471	1856	5	803
472	979	2030	7
473	514	1569	7
474	5	405	1460
475	1361	20	310
476	5	405	1460
477	7	66	1123
478	5	833	1890
479	7	488	1543
480	5	793	1846
481	7	465	1522
482	1004	2057	7
483	1881	5	826
484	713	1770	9
485	243	1298	7
486	715	1770	7
487	1646	5	591
488	372	1427	48
489	452	1505	7
490	1138	7	85
491	1468	82	413
492	5	749	1804
493	4	758	1811
494	5	846	1903
495	46	1101	6
496	5	883	1940
497	948	2001	7
498	413	1466	65
499	640	1693	6
500	596	1651	6
501	1918	4	863
502	7	1030	2085
503	4	311	1368
504	5	477	1534
505	7	841	1898
506	592	1643	7
507	445	1500	73
508	479	1536	104
509	12	1066	2122
510	5	1022	2077
511	859	1912	6
512	1513	72	460
513	1056	2109	6
514	2021	6	971
515	5	85	1142
516	5	106	1163
517	5	361	1416
518	2109	5	1054
519	5	325	1380
520	1823	5	769
521	5	810	1863
522	5	591	1646
523	1911	5	860
524	1987	5	936
525	5	590	1646
526	5	59	1114
527	1755	5	700
528	306	1359	7
529	1081	2136	28
530	5	959	2016
531	2023	4	969
532	1620	5	569
533	1055	2108	7
534	1056	2109	6
535	5	355	1412
536	6	139	1194
537	1828	5	775
538	5	372	1427
539	453	1508	9
540	911	1964	6
541	5	377	1432
542	1753	7	700
543	368	1421	6
544	7	130	1185
545	5	113	1170
546	773	1828	7
547	5	788	1845
548	5	869	1926
549	497	1552	14
550	1873	7	818
551	1215	5	162
552	5	415	1468
553	1919	4	864
554	427	1483	7
555	5	803	1858
556	1239	5	186
557	5	831	1884
558	1254	6	201
559	5	756	1811
560	5	449	1504
561	5	426	1483
562	252	1307	7
563	1406	5	355
564	706	1761	7
565	6	79	1134
566	630	1685	102
567	6	420	1477
568	1792	5	741
569	1673	77	620
570	419	1474	7
571	1931	5	880
572	86	1139	8
573	143	1194	5
574	7	760	1813
575	975	2028	6
576	1580	6	525
577	1410	5	355
578	5	379	1434
579	1314	7	263
580	897	1948	7
581	82	653	1708
582	1982	5	929
583	5	135	1190
584	1391	6	338
585	149	1204	7
586	2055	7	1002
587	1918	5	867
588	336	1391	5
589	6	746	1799
590	1170	7	119
591	1255	7	201
592	417	1472	7
593	5	460	1516
594	969	2024	6
595	244	1297	7
596	209	1262	7
597	7	518	1573
598	1155	5	101
599	1740	63	687
600	713	1765	92
601	57	1112	7
602	5	115	1168
603	1841	5	788
604	1363	5	312
605	1320	5	267
606	1346	5	293
607	2121	13	1068
608	5	973	2030
609	27	674	1729
610	4	887	1940
611	829	1884	7
612	5	915	1972
613	5	910	1965
614	992	2044	5
615	5	184	1239
616	2139	29	1086
617	666	1719	9
618	518	1571	6
619	495	1550	6
620	415	1468	7
621	2135	25	1082
622	703	1757	23
623	655	1708	7
624	82	768	1823
625	955	2008	5
626	7	248	1303
627	43	740	1793
628	5	201	1258
629	362	1417	6
630	2135	27	1082
631	5	942	1995
632	618	1673	5
633	306	1359	6
634	1339	5	284
635	5	638	1695
636	5	1056	2113
637	1264	5	209
638	1312	5	261
639	1781	4	728
640	5	716	1771
641	1755	7	702
642	5	907	1962
643	2075	5	1022
644	914	1965	7
645	1138	5	85
646	604	1657	7
647	1972	5	919
648	5	475	1530
649	5	1002	2057
650	1466	5	411
651	1114	5	61
652	1697	5	644
653	465	1520	6
654	5	228	1283
655	1919	93	864
656	1976	5	921
657	1212	5	158
658	1241	7	188
659	1176	7	122
660	5	117	1172
661	1980	5	927
662	1108	5	53
663	18	1073	2128
664	2121	13	1068
665	947	2000	5
666	5	769	1824
667	7	953	2008
668	1753	5	700
669	653	1708	7
670	1479	4	424
671	1043	2097	5
672	1590	5	537
673	1747	5	694
674	5	47	1102
675	1200	7	147
676	245	1298	7
677	433	1484	4
678	165	1218	6
679	5	821	1875
680	1125	7	74
681	518	1572	7
682	308	1361	7
683	5	252	1307
684	4	533	1589
685	205	1258	7
686	2008	100	953
687	794	1847	7
688	5	374	1429
689	1311	5	258
690	1890	7	837
691	1264	7	211
692	5	368	1422
693	932	1985	61
694	1871	5	818
695	1064	2117	12
696	5	709	1766
697	5	481	1537
698	1256	4	203
699	799	1852	9
700	1359	4	306
701	1764	5	713
702	940	1991	41
703	1206	5	153
704	1699	5	646
705	2128	23	1077
706	515	1568	7
707	38	955	2008
708	248	1305	7
709	7	231	1288
710	71	1123	6
711	5	855	1910
712	826	1879	9
713	739	1792	6
714	7	835	1892
715	271	1324	7
716	1204	7	151
717	1839	5	786
718	737	1788	6
719	5	887	1942
720	254	1307	5
721	250	1303	6
722	582	1635	7
723	1170	2223	117
724	5	160	1213
725	945	1998	6
726	1154	2207	101
727	5	207	1264
728	1294	5	241
729	1552	5	499
730	2076	5	1021
731	5	330	1384
732	717	1770	7
733	595	1650	7
734	752	1805	6
735	160	1213	5
736	1449	5	396
737	5	509	1562
738	981	2034	5
739	2006	5	953
740	7	620	1677
741	42	1095	2150
742	6	366	1421
743	1826	7	773
744	5	253	1308
745	1648	5	595
746	5	192	1247
747	1116	2169	63
748	1658	7	605
749	860	1915	7
750	336	1391	6
751	6	495	1552
752	682	1737	7
753	5	617	1672
754	7	526	1581
755	495	1548	6
756	119	1174	2229
757	6	398	1453
758	561	1615	7
759	5	670	1727
760	1629	5	576
761	6	171	1228
762	2220	110	1166
763	5	272	1327
764	651	1704	9
765	1907	5	852
766	1871	4	816
767	716	1771	6
768	5	657	1710
769	188	1241	7
770	57	1110	2165
771	5	413	1468
772	1519	5	468
773	5	372	1429
774	728	1783	6
775	276	1333	6
776	5	456	1511
777	915	1972	6
778	1883	7	828
779	480	1535	7
780	276	1331	5
781	5	668	1727
782	1869	5	814
783	1468	7	413
784	1363	5	310
785	4	461	1520
786	336	1393	7
787	2115	7	1060
788	226	1281	7
789	1023	2078	7
790	723	1778	7
791	5	649	1704
792	372	1423	7
793	565	1616	7
794	1138	7	87
795	1730	5	677
796	1821	5	769
797	5	747	1802
798	23	118	1175
799	4	96	1151
800	6	452	1507
801	210	1267	7
802	265	1320	5
803	1639	7	584
804	1098	7	45
805	7	778	1833
806	1268	99	216
807	1370	5	317
808	5	862	1918
809	5	623	1677
810	681	1736	7
811	1088	2141	33
812	815	1866	7
813	7	837	1894
814	1571	5	516
815	611	1664	4
816	835	1890	5
817	7	565	1618
818	206	1259	59
819	887	1941	7
820	5	850	1907
821	681	1734	7
822	518	1575	7
823	1810	5	755
824	5	747	1802
825	2096	5	1043
826	5	511	1567
827	1015	2067	7
828	934	1989	7
829	2016	7	963
830	7	389	1444
831	1884	7	829
832	285	1342	102
833	5	127	1183
834	507	1560	7
835	880	1933	7
836	252	1305	55
837	5	426	1481
838	4	319	1374
839	5	902	1955
840	264	1318	57
841	2074	5	1023
842	6	161	1218
843	1459	7	406
844	5	720	1775
845	1987	4	932
846	383	1438	7
847	520	1573	6
848	1713	5	662
849	747	1800	5
850	1492	4	439
851	704	1757	7
852	4	178	1233
853	1689	5	638
854	1284	5	231
855	526	1579	7
856	1351	44	296
857	291	1344	37
858	1642	4	589
859	1307	7	252
860	7	181	1239
861	4	469	1528
862	5	958	2015
863	1194	4	141
864	990	2045	6
865	5	55	1111
866	1929	5	874
867	1047	2102	7
868	2084	6	1029
869	856	1909	7
870	220	1275	5
871	1772	5	721
872	2057	5	1005
873	1402	48	349
874	1648	5	597
875	424	1478	7
876	1098	5	45
877	5	964	2019
878	376	1431	65
879	274	1327	5
880	2074	7	1021
881	1010	2065	7
882	306	1359	5
883	64	1117	6
884	1903	5	852
885	855	1910	6
886	1000	2055	7
887	548	1601	9
888	1410	16	356
889	1129	5	76
890	1106	5	53
891	612	1665	7
892	1780	5	727
893	5	1045	2100
894	2038	5	987
895	5	258	1317
896	5	362	1419
897	5	698	1753
898	1420	7	365
899	1856	5	805
900	1350	5	297
901	87	462	1517
902	1115	4	62
903	46	426	1481
904	7	314	1367
905	5	308	1365
906	5	87	1144
907	1460	18	409
908	1308	5	257
909	2064	5	1011
910	180	1235	7
911	250	1303	7
912	1811	5	760
913	1560	99	507
914	944	1999	7
915	119	1168	7
916	1704	7	649
917	5	692	1747
918	5	764	1821
919	736	1791	7
920	5	588	1643
921	5	130	1185
922	5	406	1463
923	85	520	1575
924	1413	5	358
925	4	441	1494
926	1225	7	173
927	610	1665	7
928	1032	2085	7
929	1946	5	893
930	47	1102	7
931	5	117	1174
932	192	1245	7
933	537	1592	76
934	69	531	1586
935	99	567	1622
936	49	1102	7
937	690	1745	6
938	5	657	1714
939	410	1465	7
940	432	1483	7
941	7	773	1826
942	751	1806	7
943	494	1547	9
944	1717	5	666
945	912	1965	7
946	1873	4	819
947	1538	5	485
948	245	1298	5
949	1612	50	557
950	415	1468	7
951	5	857	1910
952	1117	7	66
953	1217	7	162
954	4	698	1754
955	5	1047	2104
956	5	717	1772
957	5	1034	2089
958	2083	7	1032
959	5	933	1988
960	1286	5	231
961	1944	5	893
962	5	441	1496
963	600	1652	57
964	1333	5	282
965	1655	53	604
966	473	1524	6
967	2123	16	1069
968	2107	5	1054
969	4	761	1816
970	4	1037	2092
971	2147	41	1097
972	297	1350	7
973	814	1869	7
974	957	2012	5
975	1624	5	571
976	33	610	1665
977	642	1695	61
978	1648	11	597
979	407	1460	6
980	7	395	1450
981	5	824	1881
982	1363	7	310
983	5	301	1357
984	1318	5	265
985	338	1391	5
986	5	195	1250
987	6	313	1372
988	5	977	2034
989	6	968	2024
990	7	554	1611
991	606	1659	7
992	5	843	1900
993	1933	7	880
994	181	1234	7
995	4	574	1631
996	302	1357	7
997	5	792	1847
998	5	302	1357
999	5	190	1248
