Reaction test v3
type	A+B+C
number	1000

max value	65536
unit	us

test	A	B	C
0	80	131	3593
1	93	1182	3596
2	746	797	4256
3	698	1785	4201
4	5	56	3514
5	130	1219	3633
6	12	63	3521
7	305	1394	3808
8	482	533	3992
9	888	1975	4388
10	125	177	3636
11	34	1123	3536
12	879	930	4386
13	933	2022	4434
14	878	930	4389
15	271	1358	3774
16	485	537	3992
17	667	1754	4168
18	472	523	3983
19	387	1476	3890
20	285	336	3793
21	286	1375	3789
22	313	364	3821
23	144	1232	3645
24	453	504	3962
25	58	1147	3563
26	914	965	4424
27	723	1812	4228
28	691	743	4202
29	228	1317	3731
30	209	260	3718
31	960	2046	4459
32	1020	23	3482
33	712	1799	4211
34	665	717	4172
35	906	1993	4406
36	201	253	3708
37	968	11	4466
38	327	378	3834
39	391	1476	3890
40	421	472	3928
41	839	1926	4340
42	866	917	4371
43	603	1689	4104
44	33	85	3540
45	954	2041	4455
46	290	341	3797
47	1003	1054	3463
48	93	144	3596
49	914	2001	4414
50	203	255	3710
51	678	1765	4180
52	982	2076	3443
53	237	1326	3738
54	950	1001	4457
55	534	1623	4035
56	412	463	3920
57	271	1358	3770
58	55	107	3566
59	46	1133	3546
60	173	225	3682
61	571	1656	4070
62	245	296	3752
63	975	18	4468
64	445	496	3952
65	669	1756	4168
66	1007	10	3465
67	1023	1074	3484
68	566	617	4071
69	999	1050	3461
70	65	116	3574
71	726	1811	4226
72	468	519	3976
73	371	1458	3870
74	288	340	3795
75	663	1750	4162
76	674	725	4179
77	102	1187	3600
78	498	549	4007
79	97	1184	3596
80	837	888	4346
81	646	1733	4147
82	410	461	3918
83	460	1547	3960
84	732	784	4239
85	796	1883	4295
86	584	636	4093
87	879	1968	4378
88	178	229	3685
89	569	1658	4068
90	216	268	3721
91	671	1758	4170
92	895	946	4400
93	39	1126	3538
94	780	831	4283
95	247	1334	3748
96	766	817	4273
97	262	1351	3765
98	344	396	3851
99	583	1672	4084
100	243	294	3748
101	952	2041	4453
102	710	761	4215
103	7	1094	3506
104	294	345	3803
105	751	1838	4250
106	59	110	3568
107	277	1364	3776
108	54	105	3561
109	504	1593	4007
110	990	2084	3453
111	263	1350	3763
112	288	339	3797
113	558	1645	4060
114	398	449	3909
115	663	1752	4163
116	641	692	4148
117	204	1290	3705
118	185	237	3694
119	421	1508	3924
120	815	866	4323
121	301	1388	3804
122	701	752	4211
123	695	1784	4198
124	624	675	4133
125	869	1958	4372
126	505	556	4014
127	1002	1053	3466
128	903	955	4410
129	28	1116	3531
130	878	929	4387
131	814	1903	4318
132	350	401	3860
133	599	1686	4101
134	721	772	4230
135	968	11	4465
136	972	2066	3436
137	1035	1086	3501
138	282	333	3793
139	512	1600	4013
140	665	716	4174
141	783	1872	4287
142	584	636	4091
143	997	38	4498
144	288	339	3796
145	241	1330	3745
146	518	570	4031
147	535	1624	4036
148	98	150	3607
149	281	1368	3782
150	772	823	4282
151	943	2030	4446
152	373	424	3881
153	346	1433	3847
154	317	366	3825
155	168	1257	3673
156	172	223	3682
157	562	1649	4063
158	37	88	3548
159	939	2026	4440
160	959	2056	3425
161	360	1448	3861
162	565	616	4074
163	644	1733	4149
164	204	255	3713
165	614	1701	4117
166	134	186	3641
167	953	2040	4456
168	1004	6	3466
169	251	1340	3752
170	958	2054	3421
171	1008	1059	3471
172	567	619	4078
173	423	1510	3926
174	895	947	4404
175	1018	1069	3480
176	1029	31	3493
177	63	1152	3568
178	463	514	3972
179	318	1407	3820
180	586	637	4097
181	123	1210	3625
182	601	652	4110
183	449	1538	3953
184	252	303	3759
185	796	1883	4298
186	790	841	4295
187	620	1709	4122
188	218	270	3729
189	412	1499	3910
190	995	2089	3457
191	725	1812	4226
192	438	490	3949
193	408	1495	3909
194	406	457	3913
195	800	1887	4299
196	999	2093	3461
197	933	2019	4434
198	288	340	3895
199	705	1792	4303
200	393	444	4003
201	533	1622	4134
202	354	405	3964
203	923	2010	4524
204	828	879	4438
205	994	37	4597
206	496	547	4104
207	742	1831	4344
208	344	395	3954
209	371	1459	3971
210	697	748	4305
211	999	1050	3559
212	946	997	4554
213	772	1861	4375
214	639	690	4249
215	179	1268	3780
216	618	669	4223
217	429	1518	4030
218	1025	27	3587
219	721	1808	4320
220	395	446	4005
221	661	1748	4261
222	130	182	3737
223	171	1260	3774
224	586	638	4196
225	809	1898	4410
226	938	991	4548
227	756	1845	4357
228	477	528	4085
229	961	2049	4563
230	155	208	3765
231	598	1684	4196
232	1003	6	3566
233	814	1901	4415
234	359	410	3967
235	552	1639	4153
236	25	76	3635
237	506	1595	4108
238	800	851	4406
239	715	1804	4318
240	768	819	4376
241	680	1769	4283
242	618	670	4230
243	1000	41	4602
244	318	369	3930
245	374	1463	3977
246	54	107	3668
247	166	1256	3770
248	395	446	4009
249	721	1810	4323
250	474	525	4084
251	480	1568	4084
252	42	93	3654
253	730	1819	4334
254	54	105	3664
255	348	1436	3952
256	668	720	4278
257	871	1958	4472
258	603	654	4213
259	303	1392	3905
260	687	739	4299
261	566	1652	4168
262	761	812	4373
263	482	1570	4086
264	881	932	4493
265	680	1769	4285
266	593	645	4205
267	767	1855	4371
268	131	182	3741
269	30	1118	3634
270	508	559	4118
271	241	1328	3842
272	526	578	4138
273	313	1403	3919
274	423	474	4033
275	635	1724	4240
276	941	992	4551
277	436	1523	4035
278	946	997	4556
279	351	1440	3954
280	198	249	3809
281	944	2035	4548
282	128	180	3740
283	1018	1069	3581
284	742	793	4352
285	1000	140	4602
286	325	377	3935
287	541	1629	4145
288	172	223	3782
289	74	1163	3678
290	276	328	3886
291	509	1600	4112
292	226	277	3836
293	889	28	4493
294	847	898	4457
295	796	1885	4400
296	114	263	3724
297	328	1416	3930
298	107	255	3717
299	993	1044	3555
300	76	225	3688
301	423	1610	4026
302	344	493	3956
303	72	1258	3677
304	483	634	4093
305	1023	1172	3587
306	577	725	4187
307	840	2026	4440
308	73	221	3683
309	433	1621	4037
310	376	526	3988
311	1015	1164	3579
312	446	594	4058
313	370	1557	3973
314	977	77	3542
315	654	1742	4159
316	485	536	3999
317	382	1471	3889
318	29	80	3545
319	333	1421	3838
320	1007	7	3471
321	1017	1068	3482
322	530	581	4044
323	779	1866	4284
324	688	739	4204
325	131	1219	3638
326	151	202	3666
327	185	1273	3693
328	247	298	3763
329	232	1322	3739
330	855	906	4365
331	927	2016	4432
332	463	514	3977
333	911	2000	4418
334	778	829	4288
335	959	2048	4464
336	791	842	4303
337	830	1919	4335
338	215	266	3726
339	809	1898	4314
340	652	703	4165
341	194	1283	3699
342	492	544	4005
343	1034	1085	3499
344	515	566	4026
345	723	1812	4228
346	870	921	4380
347	635	1726	4144
348	1039	41	3504
349	570	1658	4075
350	356	407	3870
351	985	26	4487
352	786	838	4297
353	740	1828	4243
354	369	420	3879
355	87	1176	3590
356	367	418	3876
357	68	1155	3570
358	67	118	3574
359	223	1312	3726
360	1043	46	3505
361	605	1692	4105
362	979	2072	3439
363	292	1381	3793
364	254	305	3763
365	363	1452	3864
366	14	65	3521
367	1015	1066	3474
368	899	950	4409
369	83	1168	3583
370	312	363	3821
371	556	1643	4058
372	1013	14	3474
373	695	1782	4194
374	918	970	4429
375	861	1950	4366
376	380	432	3887
377	522	1609	4023
378	213	264	3720
379	414	1503	3917
380	408	459	3918
381	10	1099	3513
382	438	489	3947
383	404	1491	3907
384	891	943	4402
385	571	1660	4072
386	147	198	3658
387	168	1255	3670
388	243	294	3750
389	124	1211	3624
390	105	156	3615
391	355	1442	3858
392	599	648	4106
393	5	1094	3508
394	70	122	3579
395	880	1969	4382
396	522	573	4033
397	112	1201	3615
398	120	171	3630
399	541	1630	4043
400	60	111	3565
401	734	1823	4235
402	367	418	3876
403	666	1753	4168
404	198	249	3707
405	614	1701	4117
406	924	975	4435
407	870	1958	4371
408	474	525	3983
409	448	1535	3947
410	365	417	3874
411	977	18	4475
412	1036	40	3500
413	657	1744	4159
414	819	870	4328
415	556	1643	4057
416	961	1012	4470
417	941	2028	4440
418	241	293	3748
419	980	23	4479
420	526	578	4035
421	817	1905	4320
422	565	617	4072
423	496	1585	3998
424	709	761	4220
425	449	1538	3954
426	322	373	3832
427	511	1599	4014
428	386	437	3897
429	278	1367	3781
430	961	2058	3427
431	410	1499	3913
432	163	214	3673
433	665	1754	4170
434	1018	20	3484
435	16	1105	3519
436	496	547	4006
437	187	1276	3690
438	669	720	4178
439	884	1973	4391
440	61	112	3574
441	914	2003	4421
442	852	904	4361
443	1002	43	4506
444	1041	44	3504
445	49	1136	3551
446	127	178	3638
447	146	1234	3651
448	178	229	3688
449	980	24	4483
450	430	482	3939
451	275	1362	3778
452	871	922	4383
453	102	1191	3607
454	153	205	3664
455	307	1394	3810
456	1046	48	3508
457	982	23	4484
458	76	127	3586
459	118	1206	3623
460	127	178	3638
461	412	1501	3915
462	312	363	3821
463	31	1118	3534
464	873	925	4384
465	329	1418	3834
466	998	2095	3462
467	269	1356	3772
468	581	632	4090
469	884	1973	4387
470	247	298	3759
471	601	1690	4104
472	209	261	3718
473	845	1934	4348
474	427	478	3938
475	194	1283	3699
476	562	613	4072
477	151	1239	3656
478	852	904	4367
479	845	1934	4350
480	193	244	3705
481	423	1512	3928
482	832	883	4347
483	625	1714	4128
484	487	538	3998
485	975	18	4479
486	159	210	3669
487	528	1616	4033
488	95	146	3608
489	661	1752	4170
490	639	690	4153
491	453	1543	3960
492	82	133	3598
493	388	1478	3898
494	59	110	3575
495	136	1224	3643
496	70	122	3585
497	76	1165	3585
498	906	958	4421
499	89	1180	3596
500	577	628	4090
501	927	2018	4436
502	280	331	3793
503	414	1502	3919
504	541	593	4054
505	839	1926	4344
506	965	2059	3430
507	314	1401	3818
508	374	425	3886
509	143	1230	3646
510	817	868	4327
511	468	1556	3971
512	784	836	4297
513	379	1468	3886
514	44	96	3553
515	320	1407	3823
516	779	830	4290
517	981	24	4485
518	416	467	3924
519	809	1898	4312
520	640	692	4151
521	63	1152	3566
522	879	930	4390
523	133	1221	3636
524	676	727	4186
525	102	1191	3607
526	515	566	4026
527	256	1345	3761
528	1033	35	3499
529	657	1746	4164
530	198	249	3708
531	935	2024	4440
532	1046	48	3510
533	802	1891	4307
534	187	238	3699
535	824	1913	4329
536	383	435	3892
537	648	1738	4154
538	87	138	3600
539	922	2011	4427
540	1029	31	3495
541	181	1270	3688
542	943	994	4453
543	552	1639	4059
544	565	617	4074
545	975	16	4477
546	852	904	4363
547	145	1232	3648
548	1016	18	3482
549	230	1321	3735
550	386	437	3996
551	621	1710	4128
552	432	484	4041
553	267	1356	3870
554	938	989	4552
555	1003	45	4607
556	5	56	3615
557	263	1352	3866
558	659	710	4269
559	181	1270	3786
560	1043	45	3606
561	31	1120	3634
562	640	692	4250
563	487	1576	4089
564	907	958	4519
565	701	1789	4305
566	691	742	4301
567	692	1778	4292
568	80	133	3688
569	271	1360	3873
570	58	109	3670
571	964	5	4566
572	807	858	4417
573	950	2038	4550
574	690	741	4300
575	988	31	4588
576	766	817	4376
577	1019	1069	3581
578	329	381	3939
579	470	1558	4070
580	717	768	4327
581	708	1795	4309
582	554	605	4164
583	964	5	4566
584	886	938	4495
585	90	1178	3690
586	608	660	4217
587	680	1769	4281
588	955	1007	4564
589	958	2045	4558
590	734	785	4342
591	127	1214	3727
592	279	330	3889
593	609	1697	4211
594	912	963	4520
595	906	1993	4509
596	180	231	3788
597	677	1765	4281
598	665	716	4275
599	190	1279	3791
600	442	493	4054
601	580	1671	4183
602	961	1012	4569
603	714	1800	4312
604	588	640	4197
605	1000	1050	3560
606	931	982	4541
607	196	1285	3799
608	788	840	4396
609	245	1334	3847
610	725	776	4337
611	755	1844	4356
612	851	902	4463
613	483	1572	4086
614	886	937	4498
615	63	1152	3666
616	684	735	4294
617	730	1819	4333
618	44	95	3656
619	172	1263	3776
620	655	706	4265
621	710	1797	4311
622	185	236	3799
623	1039	1091	3601
624	813	864	4423
625	213	1302	3814
626	652	703	4260
627	393	1481	3997
628	641	692	4249
629	794	1883	4398
630	331	382	3941
631	471	1560	4074
632	565	616	4175
633	222	1309	3823
634	626	677	4236
635	303	1392	3905
636	590	642	4198
637	967	106	4566
638	969	2065	3532
639	380	1469	3982
640	415	466	4025
641	265	1354	3868
642	374	426	3981
643	121	1210	3722
644	225	276	3835
645	321	1408	3922
646	926	2022	3487
647	894	35	4494
648	236	287	3846
649	642	1731	4245
650	882	1976	3443
651	995	1046	3555
652	18	166	3626
653	868	9	4468
654	699	848	4307
655	435	1621	4035
656	700	851	4312
657	843	2029	4446
658	804	954	4414
659	642	1829	4243
660	462	611	4072
661	933	1082	3495
662	312	463	3924
663	899	40	4499
664	50	198	3658
665	318	1407	3821
666	943	45	3505
667	858	1947	4363
668	245	296	3754
669	451	1540	3954
670	522	573	4027
671	352	1439	3851
672	324	375	3832
673	52	1139	3555
674	798	849	4309
675	922	2011	4425
676	633	684	4144
677	689	1776	4190
678	313	364	3822
679	832	1919	4335
680	163	214	3671
681	219	1304	3720
682	661	713	4170
683	899	1986	4402
684	702	753	4209
685	24	1111	3525
686	179	230	3690
687	175	1264	3682
688	833	885	4344
689	938	2025	4438
690	538	589	4047
691	703	1790	4206
692	186	238	3697
693	273	1362	3776
694	575	627	4086
695	444	1530	3943
696	175	227	3686
697	850	1939	4353
698	344	395	3851
699	714	1802	4219
700	39	90	3549
701	746	1833	4247
702	680	731	4191
703	751	1840	4256
704	554	606	4063
705	700	1789	4204
706	430	481	3943
707	813	1902	4320
708	869	920	4382
709	530	1619	4048
710	245	297	3754
711	161	1250	3666
712	524	576	4033
713	888	1976	4393
714	677	728	4189
715	858	1945	4360
716	86	137	3598
717	262	1349	3765
718	363	414	3872
719	1007	48	4511
720	957	1009	4472
721	984	27	4488
722	620	671	4136
723	948	2038	4458
724	376	427	3890
725	650	1738	4157
726	99	150	3607
727	19	1108	3523
728	702	754	4213
729	309	1398	3814
730	830	881	4340
731	441	1530	3946
732	142	193	3652
733	648	1737	4151
734	859	911	4370
735	922	2010	4425
736	601	652	4110
737	672	1761	4173
738	967	2063	3431
739	462	1551	3969
740	987	2081	3451
741	583	1670	4084
742	892	943	4400
743	276	1363	3780
744	341	392	3851
745	811	1899	4316
746	59	110	3570
747	907	1996	4410
748	931	982	4442
749	112	1200	3617
750	699	750	4207
751	990	33	4497
752	925	976	4434
753	930	2018	4435
754	971	2065	3434
755	129	1216	3632
756	28	79	3538
757	762	1851	4267
758	976	2073	3442
759	18	1106	3523
760	827	878	4335
761	295	1382	3796
762	472	523	3982
763	140	1229	3645
764	249	300	3763
765	504	1593	4009
766	561	613	4072
767	11	1100	3516
768	410	461	3922
769	828	1917	4333
770	961	2057	3426
771	418	1506	3925
772	143	195	3656
773	325	1414	3830
774	605	656	4114
775	575	1664	4080
776	665	716	4177
777	1004	1056	3471
778	295	347	3810
779	200	1289	3703
780	478	529	3990
781	426	1515	3931
782	340	392	3855
783	123	1211	3628
784	875	926	4386
785	836	1925	4337
786	250	302	3761
787	596	1684	4102
788	567	619	4078
789	897	1984	4395
790	984	2080	3449
791	999	1050	3463
792	929	981	4440
793	520	1609	4025
794	209	260	3718
795	521	1610	4024
796	20	71	3531
797	410	1499	3915
798	607	658	4121
799	231	1320	3736
800	237	288	3746
801	37	1123	3538
802	622	673	4135
803	650	1739	4155
804	374	425	3885
805	198	1287	3703
806	934	986	4443
807	882	1969	4383
808	179	230	3688
809	821	1907	4322
810	731	782	4240
811	118	1206	3621
812	538	589	4047
813	845	1934	4350
814	794	845	4303
815	67	1154	3570
816	603	654	4110
817	50	1139	3553
818	1016	20	3478
819	390	1478	3893
820	539	590	4050
821	404	1493	3909
822	563	615	4080
823	999	1050	3465
824	651	703	4164
825	986	29	4489
826	376	427	3887
827	785	1874	4290
828	629	681	4142
829	40	1129	3545
830	768	819	4280
831	879	1968	4384
832	815	866	4329
833	168	1256	3671
834	162	213	3673
835	245	1332	3746
836	233	285	3744
837	582	1669	4084
838	669	720	4181
839	164	1253	3671
840	76	127	3589
841	1015	1067	3480
842	875	926	4386
843	532	1621	4037
844	169	221	3680
845	552	1641	4055
846	628	679	4138
847	773	1864	4278
848	123	174	3634
849	89	1176	3590
850	121	172	3631
851	659	1748	4164
852	943	994	4453
853	461	1550	3968
854	541	592	4053
855	856	1943	4357
856	397	448	3907
857	781	1870	4284
858	282	333	3791
859	153	1242	3655
860	792	843	4303
861	10	1099	3515
862	281	332	3790
863	117	1206	3621
864	568	619	4078
865	330	1418	3835
866	68	120	3579
867	928	2016	4431
868	80	131	3593
869	498	1587	4003
870	717	769	4228
871	33	1121	3536
872	576	628	4087
873	521	1610	4026
874	824	875	4336
875	247	1335	3752
876	871	922	4381
877	156	1243	3660
878	376	428	3887
879	896	1983	4399
880	503	555	4016
881	509	1596	4010
882	38	89	3549
883	152	1238	3655
884	538	589	4048
885	61	1149	3566
886	758	810	4267
887	419	1506	3922
888	260	312	3771
889	485	1572	3984
890	869	920	4380
891	273	1361	3774
892	779	830	4288
893	904	1991	4408
894	653	704	4166
895	342	1431	3847
896	104	156	3613
897	335	1424	3838
898	963	2059	3526
899	643	1731	4243
900	237	290	3845
901	384	1472	3984
902	750	801	4358
903	663	1752	4263
904	147	199	3756
905	281	1370	3883
906	412	463	4018
907	525	1613	4125
908	856	907	4466
909	341	1427	3939
910	611	662	4219
911	336	1425	3941
912	633	684	4244
913	790	1879	4393
914	922	973	4536
915	153	1243	3761
916	63	114	3671
917	826	1913	4426
918	282	333	3894
919	502	1591	4105
920	45	96	3655
921	410	1497	4013
922	618	669	4226
923	80	1169	3682
924	179	230	3787
925	271	1360	3874
926	283	334	3893
927	835	1924	4438
928	686	737	4298
929	1002	1054	3562
930	627	678	4239
931	645	1733	4247
932	779	831	4391
933	588	1675	4188
934	535	586	4143
935	163	1253	3769
936	693	744	4299
937	733	1822	4337
938	256	307	3866
939	945	2035	4549
940	519	572	4132
941	593	1682	4198
942	951	1003	4561
943	716	1804	4320
944	733	784	4343
945	1030	1082	3592
946	965	2059	3526
947	1038	1089	3596
948	340	391	3950
949	125	1214	3725
950	9	60	3613
951	567	1656	4170
952	740	792	4350
953	1008	1059	3568
954	249	300	3859
955	453	1541	4053
956	761	812	4371
957	161	1249	3761
958	914	965	4522
959	207	1296	3808
960	342	394	3952
961	843	1930	4444
962	46	97	3650
963	635	1722	4235
964	376	427	3984
965	27	1116	3631
966	783	834	4391
967	933	2022	4534
968	488	539	4096
969	223	1312	3825
970	734	785	4344
971	882	1971	4488
972	312	364	3924
973	324	1412	3928
974	858	909	4468
975	787	1875	4391
976	842	893	4452
977	515	1602	4114
978	889	941	4498
979	357	1444	3959
980	63	114	3671
981	1001	139	4601
982	502	553	4110
983	378	1467	3982
984	759	810	4369
985	440	1528	4042
986	481	532	4089
987	792	1883	4397
988	248	300	3853
989	583	1669	4179
990	914	2009	3474
991	697	1786	4298
992	1045	46	3610
993	358	1448	3962
994	233	384	3841
995	625	1714	4226
996	1001	100	3564
997	590	1677	4191
998	531	680	4139
999	661	1845	4260
