Reaction test v3
type	A+B+C
number	1000

max value	65536
unit	us

test	A	B	C
0	605	558	4260
1	994	946	4648
2	620	573	4275
3	973	926	4626
4	742	693	4396
5	838	791	4492
6	728	680	4384
7	643	596	4297
8	427	378	4081
9	469	420	4120
10	1037	988	3647
11	575	526	4228
12	348	301	4001
13	950	901	4603
14	671	624	4324
15	862	815	4519
16	35	1035	3690
17	62	12	3716
18	317	267	3971
19	423	374	4076
20	616	569	4269
21	639	591	4291
22	167	119	3821
23	907	858	4560
24	733	684	4384
25	461	413	4115
26	973	924	4626
27	539	490	4192
28	701	651	4353
29	512	465	4165
30	609	562	4262
31	811	764	4464
32	341	292	3994
33	795	746	4448
34	1033	985	3639
35	1020	973	3628
36	554	505	4207
37	992	942	4646
38	720	671	4374
39	523	475	4175
40	12	1010	3667
41	261	213	3915
42	1007	959	3617
43	300	253	3957
44	855	805	4509
45	823	774	4478
46	276	227	3928
47	26	1024	3679
48	407	357	4061
49	746	697	4400
50	570	522	4224
51	520	472	4174
52	834	784	4484
53	500	451	4155
54	394	345	4047
55	214	164	3866
56	808	761	4463
57	827	777	4477
58	403	356	4058
59	703	654	4356
60	129	82	3784
61	1009	961	3619
62	377	329	4031
63	823	775	4477
64	941	891	3549
65	437	290	3994
66	908	858	3514
67	390	245	3945
68	174	29	3731
69	950	803	4505
70	291	146	3848
71	319	172	3875
72	725	579	4282
73	469	322	4026
74	459	314	4016
75	491	344	4046
76	377	232	3932
77	505	358	4060
78	448	303	4003
79	426	279	3979
80	701	554	4254
81	210	65	3765
82	832	785	4385
83	396	348	3949
84	107	57	3660
85	216	168	3773
86	562	515	4115
87	769	721	4322
88	445	395	4000
89	581	532	4134
90	842	792	4393
91	977	930	4528
92	995	948	4546
93	100	50	3653
94	587	540	4140
95	191	144	3746
96	757	708	4311
97	688	641	4241
98	812	762	4363
99	1050	1000	3559
100	361	312	3916
101	787	740	4344
102	711	663	4266
103	418	370	3973
104	720	672	4275
105	289	241	3844
106	433	383	3989
107	341	292	3896
108	953	903	4508
109	935	888	4488
110	806	757	4361
111	746	696	4295
112	778	731	4333
113	227	177	3778
114	240	190	3795
115	759	711	4312
116	832	785	4385
117	482	433	4035
118	827	779	4382
119	724	676	4277
120	394	347	3949
121	555	507	4108
122	1026	978	3536
123	1014	965	3523
124	242	194	3797
125	427	380	3982
126	412	363	3971
127	386	336	3944
128	551	503	4109
129	915	868	4474
130	338	288	3898
131	221	174	3782
132	536	486	4094
133	231	181	3788
134	661	614	4222
135	1031	984	3544
136	251	202	3810
137	725	676	4284
138	480	430	4038
139	480	433	4041
140	782	734	4342
141	626	578	4185
142	626	578	4186
143	851	803	4411
144	746	697	4307
145	829	781	4387
146	323	273	3878
147	414	367	3975
148	852	804	4412
149	303	254	3864
150	467	419	4026
151	211	162	3770
152	776	728	4335
153	958	908	4517
154	557	509	4116
155	486	438	4044
156	26	1028	3585
157	940	890	4498
158	529	480	4088
159	229	181	3787
160	873	826	4432
161	559	510	4120
162	797	747	4355
163	219	171	3780
164	148	98	3706
165	587	537	4145
166	673	625	4233
167	934	886	4496
168	900	852	4460
169	424	376	3985
170	390	340	3947
171	84	35	3641
172	517	468	4074
173	174	127	3731
174	916	867	4475
175	1010	961	4567
176	135	87	3695
177	287	238	3844
178	731	681	4289
179	997	948	4556
180	988	939	4549
181	190	140	3750
182	808	759	4369
183	1036	989	3547
184	382	335	3943
185	80	33	3639
186	452	404	4012
187	881	832	4440
188	274	224	3833
189	921	873	4480
190	615	567	4175
191	167	117	3727
192	536	488	4095
193	729	680	4286
194	133	83	3693
195	523	473	4083
196	437	387	3997
197	845	798	4404
198	367	318	3924
199	209	162	3768
200	122	73	3683
201	463	415	4023
202	778	731	4337
203	823	773	4380
204	952	903	4513
205	583	534	4142
206	529	481	4088
207	478	429	4035
208	600	553	4159
209	139	91	3701
210	122	73	3683
211	401	354	3960
212	744	697	4303
213	261	213	3818
214	671	623	4229
215	530	481	4089
216	613	565	4171
217	738	691	4301
218	117	67	3675
219	443	395	4005
220	783	734	4344
221	729	680	4290
222	823	773	4382
223	236	188	3800
224	281	234	3842
225	165	115	3725
226	664	614	4224
227	666	616	4226
228	786	736	4344
229	859	812	4420
230	376	327	3935
231	808	761	4367
232	474	425	4031
233	925	875	4483
234	887	838	4444
235	141	92	3700
236	107	59	3669
237	594	546	4156
238	379	331	3939
239	256	209	3815
240	919	871	4479
241	1007	960	3518
242	812	764	4370
243	735	686	4294
244	330	283	3891
245	776	726	4336
246	518	470	4078
247	277	228	3838
248	324	275	3883
249	992	945	4553
250	966	918	4526
251	309	262	3868
252	892	845	4451
253	482	433	4037
254	277	230	3834
255	951	903	4512
256	339	290	3898
257	701	652	4262
258	709	662	4270
259	221	174	3780
260	483	436	4044
261	466	419	4027
262	394	347	3955
263	481	432	4038
264	988	939	4547
265	227	179	3787
266	705	657	4265
267	971	922	4532
268	420	373	3981
269	493	444	4046
270	668	618	4226
271	778	728	4336
272	824	777	4379
273	223	174	3782
274	114	67	3673
275	510	462	4068
276	219	170	3778
277	656	608	4216
278	9	1007	3568
279	758	710	4318
280	189	142	3748
281	570	520	4127
282	793	746	4354
283	660	613	4221
284	617	567	4179
285	577	530	4136
286	221	171	3781
287	350	303	3911
288	758	710	4318
289	589	539	4149
290	613	565	4273
291	964	916	4624
292	1012	965	3624
293	111	62	3769
294	654	607	4312
295	875	828	4533
296	452	404	4113
297	981	931	4637
298	1035	987	3643
299	478	431	4138
300	239	192	3896
301	1004	957	3614
302	37	1039	3696
303	667	620	4324
304	825	777	4483
305	339	291	3997
306	90	40	3748
307	697	650	4357
308	392	345	4050
309	437	390	4095
310	873	826	4532
311	73	24	3730
312	984	934	4640
313	84	36	3742
314	478	431	4135
315	936	887	4592
316	294	246	3952
317	785	736	4443
318	224	177	3883
319	477	429	4137
320	58	11	3716
321	1043	993	3655
322	346	297	4006
323	388	340	4048
324	167	118	3827
325	551	502	4211
326	950	901	4606
327	255	207	3916
328	398	348	4058
329	1037	990	3647
330	999	952	4659
331	283	234	3941
332	350	301	4006
333	781	734	4436
334	584	535	4243
335	872	824	4530
336	849	801	4507
337	172	125	3831
338	218	170	3876
339	289	239	3947
340	603	554	4262
341	398	350	4056
342	544	494	4204
343	639	590	4297
344	902	854	4558
345	720	673	4380
346	84	37	3744
347	88	38	3746
348	178	130	3838
349	412	365	4072
350	322	275	3982
351	865	815	4523
352	337	290	3997
353	137	88	3797
354	866	817	4526
355	446	397	4106
356	7	1007	3665
357	731	682	4390
358	210	162	3870
359	894	845	4551
360	75	25	3735
361	399	350	4057
362	409	359	4065
363	243	194	3901
364	750	702	4410
365	321	272	3979
366	227	177	3885
367	506	459	4163
368	485	438	4144
369	324	275	3984
370	1054	1005	3666
371	711	663	4369
372	739	691	4399
373	18	1018	3677
374	898	850	4556
375	690	643	4350
376	103	54	3760
377	825	775	4483
378	312	262	3970
379	1036	989	3648
380	427	380	4087
381	336	288	3996
382	127	78	3783
383	596	549	4256
384	1013	963	3621
385	323	273	3979
386	930	881	4588
387	317	267	3975
388	403	353	4059
389	291	243	3947
390	356	307	4014
391	202	153	3858
392	812	765	4470
393	328	279	3987
394	628	580	4284
395	502	455	4160
396	324	277	3982
397	656	607	4314
398	748	700	4404
399	595	545	4253
400	626	579	4285
401	114	66	3774
402	324	275	3980
403	336	286	3994
404	481	432	4140
405	24	1024	3684
406	754	705	4412
407	296	248	3954
408	305	256	3962
409	763	714	4418
410	210	161	3870
411	770	723	4426
412	692	643	4350
413	617	569	4275
414	1021	972	3633
415	405	358	4063
416	123	76	3783
417	24	1024	3683
418	849	800	4507
419	215	166	3871
420	133	84	3791
421	521	471	4177
422	483	436	4143
423	998	948	3604
424	125	76	3784
425	101	51	3759
426	690	543	4251
427	132	1035	3693
428	758	613	4318
429	71	973	3634
430	607	460	4168
431	407	260	3966
432	982	835	4545
433	783	636	4342
434	1033	886	3544
435	78	980	3641
436	275	128	3834
437	258	113	3819
438	91	994	3654
439	984	839	4547
440	268	121	3828
441	979	834	4539
442	851	804	4414
443	877	830	4440
444	172	125	3733
445	215	168	3778
446	362	315	3923
447	881	833	4440
448	585	535	4145
449	326	276	3886
450	345	295	3903
451	724	674	4286
452	1027	980	3542
453	1012	965	3525
454	581	531	4140
455	82	33	3641
456	453	404	4012
457	180	130	3740
458	350	301	3909
459	900	850	4458
460	698	648	4254
461	1004	957	3517
462	652	605	4211
463	798	751	4357
464	355	305	3913
465	703	655	4262
466	58	9	3615
467	931	882	4488
468	105	58	3666
469	510	461	4069
470	100	52	3660
471	64	16	3625
472	970	920	4526
473	548	500	4108
474	217	168	3778
475	943	894	4502
476	873	826	4432
477	796	749	4355
478	546	498	4106
479	419	372	3978
480	510	461	4067
481	5	1005	3567
482	148	100	3707
483	1008	959	3521
484	373	326	3932
485	273	224	3832
486	195	146	3754
487	1020	972	3532
488	579	532	4142
489	624	577	4185
490	176	126	3738
491	853	803	4415
492	821	773	4383
493	808	760	4367
494	331	282	3892
495	463	415	4025
496	845	796	4408
497	838	789	4399
498	1044	995	3561
499	583	536	4150
500	1029	980	3545
501	898	851	4461
502	278	228	3838
503	47	1048	3613
504	643	593	4205
505	462	412	4024
506	986	938	4548
507	851	802	4414
508	551	502	4116
509	517	468	4082
510	881	831	4445
511	445	395	4005
512	585	537	4149
513	193	145	3753
514	93	46	3658
515	281	232	3846
516	431	384	3996
517	505	455	4067
518	46	1048	3609
519	405	357	3969
520	1050	1002	3566
521	587	539	4151
522	398	348	3962
523	385	335	3945
524	444	397	4007
525	380	331	3943
526	725	676	4290
527	701	652	4264
528	575	528	4138
529	287	237	3849
530	686	639	4251
531	1008	961	4567
532	396	348	3956
533	186	138	3750
534	429	382	3992
535	452	403	4016
536	203	155	3765
537	551	501	4111
538	78	31	3641
539	619	571	4178
540	709	661	4271
541	274	224	3833
542	24	1024	3585
543	81	32	3643
544	416	369	3975
545	881	832	4440
546	266	219	3825
547	344	295	3903
548	767	718	4328
549	401	352	3960
550	482	435	4043
551	227	178	3786
552	484	436	4046
553	744	696	4305
554	551	504	4110
555	725	678	4284
556	583	536	4144
557	306	258	3865
558	632	583	4191
559	338	288	3897
560	883	834	4442
561	13	1013	3576
562	341	294	3900
563	253	204	3812
564	422	373	3983
565	18	1018	3577
566	902	855	4463
567	1033	984	3546
568	228	179	3787
569	480	432	4042
570	1003	954	4564
571	424	374	3984
572	288	241	3851
573	139	91	3700
574	952	903	4511
575	791	743	4353
576	682	633	4241
577	559	511	4120
578	44	1046	3605
579	133	84	3692
580	906	858	4464
581	71	24	3630
582	875	828	4436
583	579	532	4140
584	217	170	3774
585	101	51	3659
586	684	635	4243
587	480	431	4039
588	521	473	4078
589	461	414	4022
590	184	136	3740
591	938	890	4498
592	303	256	3864
593	553	506	4112
594	690	640	4249
595	1003	953	4560
596	386	338	3944
597	560	511	4119
598	431	381	3989
599	227	180	3788
600	818	768	4376
601	174	126	3731
602	763	715	4322
603	1031	984	3542
604	156	106	3712
605	489	442	4048
606	384	337	3947
607	819	772	4380
608	229	181	3787
609	457	408	4016
610	444	395	4007
611	223	174	3784
612	793	746	4352
613	126	78	3685
614	652	605	4213
615	541	492	4100
616	379	331	3941
617	530	483	4089
618	465	416	4024
619	606	558	4168
620	980	933	4541
621	805	757	4367
622	465	418	4026
623	281	234	3838
624	832	785	4393
625	66	18	3626
626	510	462	4072
627	1048	998	3560
628	379	331	3939
629	590	543	4153
630	736	687	4297
631	636	588	4196
632	990	941	4549
633	795	746	4354
634	66	17	3625
635	156	108	3716
636	72	22	3630
637	476	426	4033
638	234	185	3793
639	29	1029	3591
640	316	267	3875
641	814	764	4372
642	688	640	4250
643	281	232	3842
644	872	824	4430
645	154	107	3717
646	982	933	4544
647	184	135	3741
648	354	307	3909
649	668	620	4223
650	112	64	3766
651	817	770	4468
652	165	116	3816
653	48	1048	3705
654	698	650	4350
655	319	271	3966
656	377	327	4024
657	712	663	4365
658	322	273	3977
659	366	318	4018
660	794	747	4447
661	864	815	4517
662	126	77	3778
663	146	97	3799
664	398	348	4048
665	630	582	4279
666	350	303	4003
667	577	528	4230
668	543	496	4196
669	866	819	4521
670	227	177	3879
671	251	203	3903
672	654	607	4309
673	438	389	4089
674	136	89	3789
675	406	357	4057
676	1014	965	3621
677	655	605	4307
678	436	387	4089
679	778	729	4429
680	650	601	4303
681	932	882	4584
682	387	337	4039
683	864	815	4517
684	924	875	4577
685	847	799	4501
686	616	567	4269
687	281	234	3936
688	244	194	3896
689	178	131	3829
690	607	558	4260
691	146	98	3800
692	19	1018	3673
693	189	140	3842
694	152	105	3805
695	989	940	4640
696	247	200	3902
697	9	1009	3664
698	1016	968	3622
699	1040	993	3648
700	101	53	3755
701	90	41	3741
702	384	335	4036
703	486	436	4136
704	433	386	4086
705	821	774	4474
706	513	464	4166
707	495	445	4147
708	180	131	3831
709	212	164	3864
710	493	445	4147
711	219	171	3873
712	257	207	3905
713	219	172	3872
714	1037	989	3643
715	917	867	4569
716	617	570	4273
717	752	702	4404
718	405	357	4059
719	803	755	4455
720	565	515	4217
721	262	214	3916
722	960	913	4616
723	641	594	4296
724	133	86	3784
725	428	380	4082
726	838	789	4493
727	594	547	4245
728	430	382	4084
729	639	590	4296
730	1044	995	3652
731	694	644	4348
732	54	7	3708
733	86	39	3740
734	461	412	4116
735	958	910	4610
736	195	148	3849
737	375	325	4029
738	373	326	4028
739	609	562	4262
740	365	316	4014
741	345	297	3999
742	239	190	3892
743	212	165	3866
744	426	378	4082
745	596	548	4252
746	420	370	4072
747	588	541	4245
748	1008	959	4661
749	808	761	4465
750	1014	965	3620
751	846	797	4498
752	450	403	4106
753	934	886	4590
754	786	736	4442
755	596	547	4250
756	238	191	3893
757	450	402	4106
758	35	1037	3694
759	545	498	4201
760	307	260	3962
761	815	766	4468
762	686	637	4341
763	316	267	3969
764	48	1048	3705
765	851	802	4505
766	303	254	3958
767	372	322	4026
768	751	704	4406
769	446	396	4102
770	415	365	4069
771	26	1026	3684
772	963	916	3571
773	775	725	4429
774	967	919	3577
775	154	107	3810
776	349	301	4003
777	997	949	3607
778	966	918	3576
779	864	815	4522
780	406	359	4059
781	368	318	4022
782	521	474	4176
783	630	581	4283
784	570	522	4224
785	941	795	4496
786	146	1048	3703
787	12	913	3568
788	43	945	3600
789	48	950	3605
790	570	423	4127
791	718	571	4273
792	962	817	4521
793	702	555	4262
794	103	1005	3664
795	637	491	4196
796	138	1038	3695
797	609	462	4166
798	669	524	4226
799	1018	873	3528
800	781	635	4342
801	908	761	4466
802	687	540	4243
803	86	37	3645
804	398	348	3955
805	403	356	3960
806	226	177	3783
807	469	421	4027
808	600	551	4161
809	119	72	3676
810	217	169	3774
811	7	1007	3562
812	252	204	3808
813	905	856	4464
814	746	699	4301
815	889	842	4446
816	394	346	3952
817	1001	953	4559
818	984	937	4543
819	801	751	4356
820	787	740	4348
821	973	926	4530
822	550	502	4107
823	99	50	3656
824	123	74	3680
825	527	479	4088
826	23	1023	3581
827	250	200	3805
828	320	271	3877
829	285	236	3844
830	845	798	4406
831	724	674	4281
832	396	346	3955
833	279	230	3838
834	1007	958	3520
835	204	155	3765
836	878	828	4435
837	712	663	4271
838	459	410	4018
839	137	87	3692
840	802	755	4357
841	430	382	3986
842	409	361	3965
843	375	325	3933
844	195	148	3752
845	660	613	4217
846	904	856	4462
847	270	223	3829
848	504	457	4063
849	176	127	3737
850	602	553	4161
851	977	929	4535
852	324	276	3888
853	294	245	3855
854	194	147	3753
855	437	388	3992
856	595	547	4151
857	950	903	4505
858	384	337	3941
859	465	417	4025
860	142	95	3699
861	692	645	4251
862	845	796	4400
863	903	856	4458
864	754	704	4311
865	316	267	3871
866	793	745	4349
867	644	597	4201
868	920	873	4481
869	39	1039	3596
870	587	538	4144
871	572	523	4129
872	973	926	4530
873	37	1037	3596
874	18	1016	3576
875	855	806	4410
876	255	208	3812
877	825	778	4380
878	658	610	4213
879	171	122	3730
880	455	408	4012
881	250	200	3805
882	707	659	4265
883	823	776	4378
884	498	449	4057
885	172	123	3729
886	448	398	4006
887	656	607	4211
888	900	851	4457
889	730	680	4285
890	922	875	4481
891	812	762	4368
892	510	462	4069
893	463	416	4020
894	568	518	4123
895	249	202	3808
896	609	562	4166
897	448	399	4003
898	883	836	4440
899	744	697	4299
900	941	893	4496
901	696	648	4249
902	79	31	3634
903	283	235	3839
904	334	286	3889
905	956	908	4511
906	763	715	4320
907	1001	953	4556
908	204	155	3759
909	9	1007	3564
910	337	288	3892
911	872	824	4427
912	886	837	4441
913	786	738	4339
914	113	65	3669
915	963	916	4518
916	773	723	4326
917	358	308	3914
918	831	783	4384
919	445	397	4000
920	913	865	4466
921	823	776	4377
922	915	868	4470
923	104	57	3658
924	523	474	4076
925	137	88	3688
926	934	886	4489
927	255	205	3810
928	940	890	4495
929	330	280	3883
930	63	16	3620
931	862	815	4417
932	453	406	4010
933	1005	957	3514
934	696	648	4255
935	935	888	4489
936	187	138	3742
937	930	883	4483
938	566	517	4121
939	590	543	4145
940	731	684	4288
941	703	656	4260
942	737	689	4294
943	733	684	4284
944	397	350	3952
945	986	937	4543
946	671	622	4225
947	1007	959	4562
948	892	845	4445
949	43	1041	3598
950	712	663	4267
951	647	599	4204
952	543	494	4096
953	280	230	3833
954	399	352	3954
955	804	755	4361
956	188	140	3743
957	617	569	4174
958	821	772	4376
959	508	458	4063
960	564	517	4119
961	29	1029	3589
962	917	870	4470
963	238	190	3793
964	70	20	3628
965	294	247	3851
966	238	191	3793
967	868	818	4421
968	1009	961	4566
969	557	507	4110
970	392	344	3949
971	446	399	3999
972	325	277	3882
973	742	695	4299
974	615	565	4170
975	481	434	4038
976	887	840	4442
977	613	565	4170
978	722	674	4279
979	699	651	4254
980	551	502	4108
981	512	465	4069
982	220	170	3775
983	369	322	3926
984	352	304	3911
985	112	64	3671
986	361	312	3918
987	510	461	4069
988	1027	978	3536
989	542	492	4098
990	360	310	3917
991	519	472	4074
992	317	270	3876
993	483	434	4038
994	199	149	3754
995	873	824	4430
996	1031	984	3544
997	650	601	4203
998	473	425	4031
999	179	132	3738
