Reaction test v3
type	A+B+C
number	1000

max value	65536
unit	us

test	A	B	C
0	730	778	5392
1	52	5	7505
2	488	7	6443
3	55	5	7500
4	798	845	5392
5	396	348	5393
6	281	5	6441
7	1144	48	8588
8	271	318	5394
9	942	989	5390
10	55	5	7502
11	655	705	5396
12	64	16	7513
13	386	7	6442
14	91	1204	6553
15	87	133	7545
16	4	268	6538
17	223	174	7626
18	5	54	7598
19	308	5	6441
20	99	52	7541
21	308	358	5495
22	7	420	6443
23	5	52	7500
24	107	59	9686
25	185	233	7620
26	53	5	7502
27	372	420	5394
28	5	847	6444
29	157	202	7573
30	345	298	5490
31	395	442	5396
32	5	116	8585
33	913	962	5398
34	53	5	7504
35	531	5	6433
36	53	5	7498
37	828	875	5394
38	765	715	5394
39	246	294	7631
40	877	830	5392
41	316	4	6536
42	1109	1062	5398
43	124	5	8584
44	261	211	7584
45	4	52	7503
46	52	5	7504
47	456	504	5394
48	5	589	6439
49	4	52	7501
50	4	624	6442
51	516	7	6439
52	52	5	7503
53	669	718	5395
54	5	641	6437
55	7	52	7492
56	5	515	6442
57	313	5	6542
58	5	911	6442
59	1067	5	6439
60	52	7	7599
61	1091	27	6461
62	138	91	7592
63	5	52	7500
64	13	1076	6450
65	52	99	7537
66	5	866	6439
67	718	765	5389
68	5	1044	6439
69	7	54	7502
70	52	5	9633
71	273	31	6464
72	52	5	9639
73	5	152	7600
74	538	489	5395
75	490	5	6443
76	7	260	6440
77	94	5	8582
78	585	537	5394
79	291	26	6460
80	53	5	7502
81	4	52	7499
82	7	450	6535
83	14	64	7511
84	935	888	5390
85	453	500	5490
86	5	958	6439
87	277	7	6440
88	54	5	9635
89	105	5	8578
90	248	200	5394
91	358	54	6486
92	990	942	5392
93	793	7	6438
94	629	582	5392
95	928	975	5391
96	5	1113	6468
97	5	52	7496
98	5	574	6437
99	5	52	8583
100	5	186	6439
101	333	286	5392
102	922	5	6439
103	5	553	6538
104	93	141	7530
105	53	5	7596
106	128	5	8577
107	53	5	9640
108	963	7	6438
109	52	5	7599
110	5	52	7597
111	1134	5	8536
112	450	70	6504
113	216	168	5394
114	52	5	7496
115	5	50	7498
116	52	5	7496
117	54	101	7549
118	5	690	6439
119	5	53	7498
120	360	313	5394
121	496	541	5486
122	52	5	7498
123	5	53	9640
124	613	566	5490
125	5	52	7603
126	154	105	7536
127	264	7	6444
128	4	926	6440
129	722	5	6440
130	53	5	7498
131	900	7	6440
132	625	575	5490
133	396	5	6445
134	54	7	7502
135	498	545	5444
136	720	672	5394
137	5	52	7502
138	86	40	7543
139	5	53	7508
140	7	926	6445
141	435	482	5396
142	400	352	5396
143	450	5	6446
144	578	530	5455
145	222	5	6445
146	611	564	5481
147	997	1045	5398
148	52	6	7505
149	136	4	8587
150	582	534	5442
151	147	195	7537
152	7	943	6444
153	993	1038	5398
154	896	848	5398
155	1003	1052	5395
156	470	423	5394
157	568	48	6484
158	5	478	6441
159	119	167	7532
160	841	796	5394
161	7	152	7605
162	7	173	6443
163	69	21	7514
164	170	5	6440
165	771	5	6442
166	53	5	7506
167	991	1039	5396
168	159	112	7532
169	5	55	7504
170	227	180	5393
171	995	948	5390
172	485	4	6442
173	5	499	6443
174	5	52	7597
175	996	948	5396
176	89	137	7586
177	1003	956	5396
178	5	52	7498
179	53	5	7502
180	588	4	6444
181	52	4	7505
182	487	534	5394
183	7	458	6445
184	5	52	7501
185	54	6	7503
186	6	1130	8548
187	7	1071	6443
188	7	152	7596
189	53	5	7506
190	724	102	6538
191	55	5	7500
192	581	5	6441
193	5	1044	6440
194	7	53	7502
195	50	4	7499
196	494	542	5396
197	5	114	8574
198	532	4	6436
199	553	505	5396
200	1076	13	6446
201	501	451	5396
202	5	53	7506
203	54	5	7506
204	5	52	7507
205	52	5	7500
206	710	37	6474
207	1086	1038	5398
208	707	27	6463
209	1037	989	5392
210	456	504	5394
211	5	103	8582
212	7	1138	8542
213	52	5	7503
214	5	53	7502
215	560	515	5396
216	5	1138	8550
217	53	5	7504
218	4	52	7501
219	52	4	7501
220	66	116	7537
221	1053	1008	5392
222	5	52	7505
223	54	7	9645
224	5	54	7603
225	262	215	5390
226	961	5	6440
227	54	6	7503
228	7	79	7541
229	7	55	7508
230	52	5	7503
231	613	5	6444
232	713	665	5391
233	658	5	6444
234	229	180	5400
235	1099	1052	5395
236	7	54	7498
237	52	5	7503
238	440	7	6435
239	51	5	7500
240	1085	1038	5394
241	7	54	7504
242	53	5	7498
243	579	5	6444
244	54	5	7501
245	573	621	5398
246	5	768	6442
247	822	870	5426
248	864	818	5418
249	5	52	7506
250	212	162	7536
251	796	843	5394
252	580	534	5397
253	1027	1074	5497
254	4	744	6440
255	1123	5	6471
256	583	534	5394
257	308	356	5394
258	50	4	7503
259	804	5	6440
260	572	524	5400
261	787	834	5396
262	872	826	5392
263	5	52	7505
264	725	676	5398
265	322	6	6444
266	5	570	6446
267	845	893	5396
268	51	5	7506
269	150	103	7605
270	4	52	7507
271	54	5	7502
272	511	4	6444
273	4	228	6444
274	6	54	7501
275	695	648	5398
276	658	705	5398
277	53	5	7504
278	385	433	5396
279	7	832	6442
280	699	747	5398
281	422	374	5398
282	557	5	6442
283	53	5	7504
284	677	5	6439
285	52	4	7503
286	82	994	6521
287	937	25	6461
288	52	6	7501
289	5	50	7505
290	52	5	9637
291	5	52	7502
292	373	226	5396
293	1016	82	6516
294	5	377	6441
295	5	51	7500
296	51	5	7500
297	706	851	5394
298	606	461	5394
299	5	55	7498
300	544	399	5396
301	742	6	6444
302	53	5	7506
303	558	4	6444
304	5	915	6444
305	723	771	5398
306	7	272	6446
307	5	735	6444
308	316	362	5395
309	1090	1044	5393
310	1066	5	6444
311	5	696	6444
312	472	519	5398
313	53	5	7504
314	5	55	7506
315	846	796	5400
316	1139	1187	5477
317	202	155	7633
318	1156	1204	5495
319	606	556	5396
320	713	761	5390
321	53	5	7500
322	911	5	6441
323	4	1044	6442
324	5	53	7502
325	6	613	6448
326	743	791	5399
327	716	668	5399
328	5	52	7503
329	52	5	7502
330	5	54	7506
331	51	5	7506
332	950	997	5396
333	54	6	7505
334	7	54	7507
335	7	375	6447
336	438	485	5394
337	5	339	6442
338	193	6	8681
339	1168	1120	5458
340	268	5	6442
341	605	5	6444
342	7	816	6442
343	393	442	5402
344	58	11	7506
345	7	54	9741
346	121	1183	6557
347	5	52	7507
348	360	314	5396
349	998	5	6444
350	347	300	5393
351	232	280	7630
352	181	6	7634
353	52	7	7502
354	249	5	8675
355	828	781	5396
356	238	5	8670
357	52	5	7505
358	407	5	6439
359	5	388	6438
360	20	68	7511
361	325	275	5487
362	883	835	5394
363	5	52	7500
364	50	4	9733
365	5	53	7495
366	7	720	6437
367	5	52	7500
368	53	5	7498
369	5	52	7500
370	61	14	7503
371	5	52	7496
372	236	188	7610
373	720	5	6440
374	124	77	8655
375	756	5	6445
376	5	408	6436
377	301	346	5489
378	5	484	6439
379	5	54	7500
380	93	5	8578
381	265	215	7615
382	658	5	6444
383	52	5	7494
384	4	54	7488
385	52	5	7594
386	6	52	7494
387	5	964	6437
388	949	5	6437
389	596	549	5387
390	5	52	7492
391	876	828	5404
392	377	5	6534
393	101	283	6533
394	293	245	5458
395	7	964	6442
396	235	283	5443
397	5	53	7502
398	117	69	7562
399	562	515	5389
400	5	52	7500
401	52	5	7502
402	4	52	7496
403	592	547	5388
404	278	61	6495
405	65	18	7513
406	37	85	7528
407	5	489	6440
408	186	5	6441
409	629	4	6438
410	7	452	6532
411	114	4	8578
412	1065	1017	5392
413	1066	1113	5402
414	624	576	5394
415	113	5	8573
416	7	1047	6441
417	1101	37	6473
418	52	5	7496
419	152	5	7600
420	886	934	5392
421	7	823	6437
422	417	464	5489
423	5	1039	6440
424	767	816	5393
425	5	190	6443
426	52	5	8540
427	5	50	7498
428	52	5	7498
429	7	54	7494
430	152	5	7596
431	7	54	7496
432	1016	966	5396
433	314	361	5400
434	75	28	7519
435	5	53	7500
436	52	5	9637
437	5	51	7497
438	643	5	6438
439	5	896	6437
440	365	412	5433
441	76	408	6508
442	69	116	7534
443	53	5	7502
444	6	54	7498
445	4	821	6438
446	5	54	7496
447	33	1095	6463
448	5	53	9632
449	5	140	8576
450	390	28	6459
451	53	5	7502
452	571	618	5493
453	150	5	7596
454	534	583	5490
455	53	7	8584
456	4	52	7499
457	261	213	5395
458	5	54	7502
459	54	4	7498
460	5	148	7599
461	65	19	7509
462	948	5	6440
463	4	228	6440
464	828	878	5393
465	152	5	7600
466	886	934	5396
467	5	418	6439
468	7	54	7502
469	51	5	7590
470	827	874	5387
471	279	233	5386
472	4	54	7496
473	4	547	6534
474	161	5	8578
475	54	5	7496
476	1002	1050	5396
477	53	5	7498
478	253	300	5391
479	6	1008	6438
480	664	5	6538
481	5	770	6437
482	1045	1095	5392
483	53	5	7500
484	538	67	6501
485	5	1063	6441
486	834	882	5391
487	632	587	5488
488	5	54	7502
489	924	875	5392
490	928	975	5389
491	875	828	5392
492	1025	1072	5392
493	928	878	5396
494	914	962	5394
495	371	323	5392
496	538	27	6461
497	53	7	8582
498	7	53	7496
499	120	73	7568
500	881	928	5391
501	52	5	7502
502	452	5	6441
503	1113	1066	5400
504	184	5	6440
505	4	52	9637
506	93	6	8578
507	255	205	5394
508	1076	10	6446
509	53	5	7498
510	346	393	5390
511	53	5	7500
512	232	4	6433
513	8	577	6438
514	5	52	7498
515	5	1121	6468
516	499	5	6437
517	1016	969	5391
518	168	215	5392
519	87	134	7533
520	5	184	6443
521	54	7	7504
522	7	52	7500
523	6	230	6440
524	5	53	7498
525	109	61	7534
526	7	152	7603
527	54	5	7504
528	5	54	9643
529	146	97	7534
530	599	648	5390
531	6	834	6536
532	5	52	7601
533	741	693	5469
534	7	152	7600
535	609	564	5389
536	657	705	5420
537	600	555	5395
538	758	804	5488
539	54	5	7500
540	771	5	6536
541	52	5	7496
542	220	270	5392
543	1124	1077	5413
544	639	5	6439
545	53	5	7497
546	5	53	7496
547	52	5	7498
548	558	606	5397
549	82	35	7530
550	520	568	5390
551	847	800	5495
552	1084	22	6457
553	150	5	7597
554	977	5	6440
555	4	461	6436
556	7	55	7504
557	95	48	7543
558	5	52	7502
559	5	159	8582
560	1025	1070	5394
561	309	261	5394
562	7	52	7504
563	53	5	7504
564	705	657	5398
565	6	54	9641
566	54	5	7500
567	5	53	9641
568	53	5	7504
569	385	433	5394
570	4	1034	6440
571	696	746	5392
572	7	499	6440
573	5	55	7502
574	54	7	7502
575	85	133	7582
576	5	658	6442
577	841	887	5475
578	52	5	7502
579	5	53	7498
580	245	196	5398
581	186	5	6445
582	5	51	7498
583	482	434	5396
584	819	864	5436
585	71	24	7519
586	348	398	5396
587	52	5	7504
588	5	50	7500
589	1035	985	5495
590	335	7	6444
591	5	667	6442
592	5	52	7505
593	54	6	7501
594	399	448	5396
595	4	644	6436
596	68	116	7563
597	62	12	7509
598	1053	1101	5391
599	4	106	8576
600	540	7	6440
601	4	251	6436
602	5	53	7502
603	53	7	8586
604	447	495	5396
605	6	350	6444
606	768	5	6440
607	52	4	7499
608	896	41	6476
609	5	328	6440
610	214	264	5394
611	53	5	7498
612	301	350	5394
613	5	1123	6470
614	365	412	5388
615	83	35	7626
616	1029	1076	5488
617	1132	1085	5520
618	5	51	7500
619	73	26	7620
620	5	53	7498
621	7	790	6441
622	5	51	7495
623	53	5	7502
624	691	739	5398
625	5	529	6441
626	5	53	8586
627	4	658	6444
628	126	271	7541
629	5	336	6444
630	826	971	5394
631	7	236	6440
632	152	5	8584
633	52	5	7505
634	16	161	7614
635	525	380	5395
636	558	5	6436
637	53	5	7500
638	7	54	7504
639	1051	905	5394
640	649	5	6443
641	53	5	7502
642	282	427	5394
643	5	626	6439
644	1132	1180	5468
645	335	288	5396
646	589	541	5396
647	769	5	6442
648	5	1040	6438
649	6	191	8673
650	609	7	6441
651	7	197	8676
652	5	52	7498
653	909	862	5392
654	861	5	6439
655	144	97	7588
656	5	52	7496
657	54	7	7500
658	624	7	6438
659	1230	5	8636
660	4	52	9736
661	86	40	7528
662	208	5	8674
663	910	855	5395
664	1029	1077	5393
665	450	401	5395
666	560	6	6438
667	7	951	6439
668	1083	1130	5411
669	232	185	7626
670	5	54	7502
671	4	611	6434
672	358	5	6433
673	53	5	7500
674	663	5	6436
675	4	626	6436
676	298	5	6440
677	104	1168	6536
678	843	891	5389
679	1200	1151	5488
680	5	53	7496
681	53	5	7498
682	335	5	6433
683	5	868	6433
684	5	52	7492
685	279	231	7621
686	752	5	6433
687	5	430	6435
688	656	5	6437
689	5	896	6437
690	223	5	8672
691	5	193	8673
692	718	5	6431
693	55	5	7498
694	93	140	7556
695	544	494	5394
696	502	5	6436
697	54	6	7498
698	5	52	7500
699	986	937	5391
700	687	735	5389
701	4	95	8572
702	762	810	5390
703	5	949	6433
704	664	5	6435
705	7	808	6435
706	5	150	9729
707	53	5	7592
708	5	55	7495
709	793	746	5393
710	150	197	7566
711	53	7	7496
712	155	202	7560
713	5	905	6440
714	5	52	7498
715	53	5	7498
716	338	5	6531
717	5	565	6435
718	717	763	5390
719	54	7	7498
720	5	53	7498
721	82	33	7528
722	67	114	7532
723	745	697	5389
724	399	5	6440
725	502	454	5390
726	668	714	5388
727	87	251	6521
728	1109	4	8534
729	718	5	6438
730	52	5	7500
731	5	54	7498
732	51	5	7497
733	160	7	8569
734	103	55	7530
735	5	52	7496
736	5	964	6437
737	5	94	8567
738	475	521	5388
739	800	755	5390
740	703	750	5391
741	990	942	5387
742	165	5	6433
743	5	375	6531
744	1040	1087	5390
745	5	1038	6435
746	718	5	6439
747	770	723	5390
748	219	266	5391
749	52	5	7494
750	171	7	6439
751	912	959	5386
752	458	412	5486
753	883	928	5391
754	124	76	7522
755	130	7	8576
756	5	969	6435
757	5	52	7595
758	927	879	5391
759	133	7	8572
760	93	5	8572
761	52	5	7496
762	296	27	6455
763	773	727	5387
764	895	943	5388
765	840	794	5388
766	835	881	5388
767	763	715	5394
768	1021	4	6436
769	52	5	7494
770	7	233	6439
771	5	52	7494
772	6	1027	6435
773	123	7	8582
774	43	5	6474
775	822	7	6439
776	5	667	6438
777	5	53	7594
778	580	532	5492
779	791	5	6441
780	103	56	7551
781	642	7	6435
782	52	7	7502
783	766	5	6438
784	594	545	5490
785	1054	5	6435
786	686	638	5394
787	893	941	5392
788	5	230	6437
789	23	71	7513
790	1031	984	5394
791	294	5	6439
792	979	933	5393
793	5	52	7502
794	53	5	8548
795	5	53	7500
796	411	361	5391
797	358	5	6441
798	26	1087	6461
799	80	126	7573
800	5	114	8578
801	1095	1138	5430
802	110	63	7554
803	5	53	7596
804	52	5	7489
805	558	511	5490
806	288	336	5389
807	956	908	5386
808	5	54	7498
809	461	415	5400
810	242	5	6437
811	536	489	5466
812	7	54	7597
813	688	638	5486
814	611	5	6536
815	410	361	5396
816	930	5	6442
817	52	7	7502
818	20	67	7515
819	7	941	6439
820	707	5	6437
821	5	911	6439
822	855	5	6437
823	5	206	6443
824	498	546	5438
825	7	139	8578
826	382	430	5395
827	5	919	6437
828	105	5	8578
829	124	77	7570
830	283	7	6439
831	481	434	5388
832	987	1035	5394
833	5	979	6437
834	5	53	7495
835	782	5	6442
836	5	238	6444
837	394	5	6437
838	1003	956	5389
839	687	736	5493
840	5	101	8571
841	661	4	6541
842	7	1123	6473
843	113	161	7531
844	812	765	5389
845	35	81	7528
846	471	425	5394
847	127	5	8574
848	78	31	7524
849	1095	31	6467
850	5	131	8580
851	1023	6	6440
852	150	5	7598
853	7	55	7600
854	1057	1011	5396
855	90	135	7528
856	52	5	7500
857	240	5	6439
858	52	5	7496
859	5	52	7500
860	53	5	7598
861	942	989	5390
862	103	53	7529
863	5	53	7592
864	52	4	7494
865	5	54	7498
866	898	6	6444
867	52	5	7498
868	732	780	5486
869	708	659	5459
870	1090	26	6458
871	4	719	6534
872	7	55	7495
873	4	875	6434
874	5	54	7598
875	1136	1088	5420
876	5	53	7496
877	52	5	7492
878	5	55	7498
879	508	459	5387
880	91	137	7575
881	53	5	7497
882	5	51	7496
883	54	5	7500
884	51	5	7498
885	1111	6	6470
886	54	7	7500
887	5	52	7503
888	5	274	6439
889	598	5	6440
890	92	5	8573
891	244	195	5395
892	93	46	7537
893	662	7	6440
894	858	809	5490
895	5	51	7594
896	5	999	6437
897	716	765	5436
898	53	7	7502
899	845	5	6534
900	142	95	7590
901	83	131	7535
902	5	436	6438
903	82	128	7530
904	51	5	7498
905	1057	7	6437
906	1039	991	5398
907	7	54	7502
908	226	179	5392
909	613	568	5395
910	709	7	6439
911	1053	1006	5392
912	5	52	7599
913	990	942	5492
914	4	54	7499
915	1003	1048	5394
916	52	5	7494
917	193	238	5394
918	5	52	7500
919	96	7	8573
920	53	5	7598
921	173	5	6435
922	969	7	6538
923	189	142	7533
924	615	5	6441
925	150	5	7595
926	11	58	7500
927	4	294	6436
928	1081	1129	5415
929	112	63	7532
930	321	5	6437
931	55	7	7500
932	5	52	7500
933	152	7	7596
934	525	5	6437
935	298	250	5392
936	4	52	7499
937	5	519	6437
938	5	52	8587
939	352	305	5394
940	5	52	7496
941	155	108	7528
942	136	184	7530
943	915	868	5438
944	247	5	6441
945	1077	1029	5488
946	882	43	6473
947	81	35	7624
948	992	1041	5494
949	52	5	7500
950	976	1024	5490
951	6	236	6440
952	635	5	6442
953	52	7	7502
954	141	7	8574
955	617	569	5393
956	369	416	5391
957	5	668	6435
958	5	52	7498
959	643	595	5388
960	906	954	5422
961	7	626	6437
962	7	54	7502
963	54	5	7498
964	1032	1078	5488
965	52	5	7494
966	5	52	7496
967	4	129	8578
968	5	52	7494
969	52	5	7492
970	5	152	7600
971	54	6	9637
972	346	491	5394
973	173	26	7622
974	667	4	6442
975	98	48	7545
976	5	53	7502
977	6	673	6438
978	592	4	6438
979	53	5	7500
980	217	4	6438
981	52	7	7502
982	204	351	5396
983	5	471	6439
984	1127	5	6572
985	1086	941	5394
986	7	52	7504
987	652	5	6439
988	156	108	7605
989	1044	6	6442
990	844	794	5396
991	568	5	6443
992	52	5	7502
993	4	52	7499
994	5	823	6438
995	7	54	7500
996	4	924	6438
997	193	5	8676
998	91	1155	6525
999	767	5	6439
