Reaction test v3
type	A+B+C
number	1000

max value	65536
unit	us

test	A	B	C
0	5	52	100
1	5	52	100
2	5	53	102
3	7	54	152
4	100	52	7
5	52	5	102
6	100	54	6
7	110	63	158
8	7	102	57
9	7	102	57
10	130	82	37
11	100	54	7
12	100	54	7
13	98	51	7
14	101	54	8
15	150	5	199
16	55	5	104
17	171	125	78
18	100	52	5
19	100	52	7
20	100	51	7
21	83	37	132
22	100	52	7
23	101	52	6
24	55	5	102
25	127	80	177
26	52	5	100
27	5	128	80
28	102	55	9
29	54	6	103
30	100	53	7
31	52	5	102
32	53	5	102
33	100	51	5
34	51	5	102
35	4	98	54
36	52	4	201
37	98	52	7
38	5	100	55
39	53	7	199
40	200	150	7
41	53	5	102
42	199	54	7
43	52	4	101
44	82	35	132
45	52	4	101
46	52	7	102
47	52	5	100
48	52	5	102
49	6	101	56
50	100	50	5
51	54	4	101
52	154	107	59
53	5	102	54
54	5	98	54
55	52	5	104
56	100	52	8
57	144	50	4
58	5	53	100
59	7	54	104
60	78	126	175
61	52	98	7
62	100	5	54
63	7	54	102
64	100	5	54
65	53	100	7
66	100	5	54
67	5	51	100
68	5	51	100
69	56	103	151
70	102	5	55
71	5	53	102
72	5	52	102
73	50	98	5
74	111	158	65
75	52	100	7
76	7	55	104
77	100	7	55
78	52	199	7
79	5	52	102
80	100	7	54
81	100	5	52
82	100	5	56
83	152	199	7
84	197	5	153
85	7	55	104
86	7	53	102
87	7	54	104
88	35	83	130
89	100	7	55
90	90	137	44
91	71	117	24
92	100	5	55
93	98	5	54
94	49	99	148
95	54	100	7
96	131	6	54
97	101	52	6
98	5	200	55
99	53	7	102
100	101	54	6
101	5	98	52
102	7	102	56
103	5	100	54
104	98	52	5
105	102	55	9
106	100	53	7
107	52	5	100
108	52	5	100
109	53	5	102
110	102	54	7
111	7	102	56
112	5	98	55
113	100	52	7
114	99	52	6
115	128	83	35
116	100	53	7
117	62	14	111
118	5	198	55
119	4	99	54
120	98	50	5
121	54	4	103
122	5	102	55
123	179	131	86
124	4	99	52
125	51	5	100
126	99	52	4
127	102	52	7
128	6	100	54
129	5	100	54
130	182	135	89
131	51	5	100
132	100	52	7
133	14	111	64
134	52	145	99
135	7	100	54
136	7	100	54
137	53	5	102
138	53	5	102
139	99	52	6
140	53	5	102
141	5	100	54
142	53	5	153
143	5	53	100
144	199	5	54
145	5	52	100
146	6	54	103
147	197	5	54
148	6	144	97
149	52	5	199
150	55	5	104
151	152	5	199
152	100	53	7
153	6	199	56
154	53	5	102
155	98	51	7
156	22	117	73
157	40	135	90
158	52	7	102
159	54	6	103
160	107	60	14
161	5	197	54
162	198	51	7
163	5	102	54
164	53	5	102
165	54	6	103
166	158	112	65
167	5	100	54
168	5	100	54
169	5	98	53
170	52	5	101
171	98	53	7
172	150	104	199
173	53	5	100
174	102	55	7
175	52	5	104
176	100	53	7
177	5	100	54
178	102	52	7
179	53	5	104
180	135	88	42
181	5	102	56
182	138	89	186
183	81	5	132
184	199	152	7
185	5	98	52
186	16	109	64
187	7	151	56
188	53	100	7
189	5	52	102
190	52	100	7
191	47	96	143
192	52	100	8
193	102	7	56
194	115	22	69
195	132	5	53
196	5	195	52
197	53	5	151
198	53	100	7
199	5	50	197
200	102	5	54
201	53	100	7
202	52	147	7
203	198	150	7
204	100	52	6
205	98	51	7
206	5	100	55
207	24	119	71
208	52	4	101
209	54	6	103
210	101	54	6
211	5	199	54
212	5	100	54
213	5	149	55
214	54	100	7
215	98	5	54
216	7	52	152
217	52	5	100
218	101	54	6
219	53	5	100
220	52	4	99
221	120	73	168
222	199	52	7
223	6	99	54
224	50	100	7
225	5	51	100
226	86	132	40
227	5	51	100
228	197	5	152
229	98	5	53
230	5	52	199
231	56	104	9
232	24	72	119
233	100	5	54
234	5	53	102
235	7	54	103
236	7	52	102
237	100	5	52
238	5	54	102
239	52	100	6
240	100	5	55
241	5	51	102
242	100	5	54
243	5	53	140
244	52	5	102
245	5	100	54
246	4	99	54
247	5	98	52
248	52	5	100
249	141	94	48
250	198	53	7
251	54	4	103
252	7	102	57
253	5	148	54
254	199	5	152
255	7	52	102
256	5	150	199
257	5	53	102
258	52	99	6
259	150	198	5
260	5	54	103
261	40	88	133
262	102	7	56
263	52	100	7
264	5	54	104
265	126	5	80
266	54	101	8
267	5	51	100
268	52	98	7
269	78	127	175
270	5	51	98
271	7	54	103
272	99	6	56
273	197	5	54
274	5	150	199
275	98	5	55
276	186	93	141
277	7	54	102
278	5	52	131
279	50	5	100
280	5	101	54
281	5	100	54
282	52	5	102
283	5	100	54
284	5	197	152
285	54	7	102
286	53	5	102
287	5	98	52
288	5	100	53
289	4	99	54
290	7	100	54
291	98	50	5
292	52	4	101
293	197	150	106
294	52	5	100
295	102	55	7
296	52	5	100
297	100	52	147
298	143	94	7
299	5	100	54
300	197	150	7
301	197	152	7
302	151	104	201
303	5	98	52
304	54	6	103
305	52	5	102
306	152	103	200
307	100	52	7
308	52	5	100
309	98	48	145
310	53	5	102
311	54	6	103
312	27	122	77
313	54	7	102
314	52	4	101
315	4	99	52
316	100	52	7
317	53	7	104
318	16	111	66
319	92	5	139
320	99	54	6
321	53	5	102
322	148	54	8
323	5	52	102
324	126	5	79
325	52	102	7
326	100	5	53
327	148	196	7
328	102	147	56
329	5	51	100
330	128	35	84
331	84	130	39
332	6	52	101
333	5	126	81
334	53	5	102
335	6	100	54
336	7	98	54
337	5	100	53
338	54	5	102
339	5	100	54
340	5	100	55
341	7	102	57
342	7	100	54
343	100	53	7
344	98	52	7
345	98	52	6
346	55	7	104
347	52	5	101
348	98	51	5
349	100	50	5
350	55	7	104
351	4	197	151
352	55	7	104
353	52	4	99
354	98	53	7
355	5	98	54
356	52	6	101
357	53	5	102
358	5	100	56
359	100	53	7
360	5	139	56
361	86	131	181
362	7	54	104
363	51	98	7
364	55	100	7
365	100	7	55
366	5	53	102
367	101	5	54
368	5	55	102
369	52	100	7
370	5	50	100
371	100	5	54
372	244	5	54
373	52	5	100
374	7	100	55
375	6	100	56
376	98	52	7
377	6	100	54
378	5	193	242
379	5	52	248
380	53	5	100
381	7	231	54
382	5	55	102
383	54	102	7
384	7	55	104
385	53	100	7
386	5	52	101
387	175	222	5
388	100	5	54
389	98	5	55
390	5	50	100
391	39	86	136
392	5	176	226
393	5	53	102
394	71	118	25
395	102	5	54
396	100	5	55
397	156	61	109
398	54	102	7
399	126	33	82
400	6	52	103
401	112	160	65
402	100	5	54
403	52	99	6
404	151	201	106
405	98	5	53
406	51	98	5
407	52	100	7
408	52	100	7
409	156	203	110
410	52	101	6
411	99	148	55
412	100	5	55
413	98	5	53
414	5	52	102
415	5	53	102
416	7	54	103
417	52	100	7
418	5	50	100
419	53	100	7
420	100	5	54
421	55	100	7
422	50	98	7
423	5	52	100
424	104	7	56
425	237	5	193
426	5	191	243
427	52	100	6
428	100	5	54
429	5	52	101
430	98	5	54
431	98	5	53
432	131	36	86
433	5	53	102
434	54	102	7
435	5	52	102
436	100	5	54
437	9	100	149
438	7	53	102
439	5	53	102
440	145	192	56
441	52	98	7
442	5	53	102
443	5	51	100
444	177	56	129
445	124	29	79
446	231	5	151
447	7	100	54
448	7	102	55
449	98	50	7
450	100	52	6
451	36	131	86
452	5	102	55
453	52	5	102
454	96	143	7
455	54	100	7
456	101	4	54
457	100	5	54
458	21	69	118
459	102	5	54
460	6	54	103
461	55	102	7
462	101	6	56
463	4	52	101
464	51	98	5
465	101	4	54
466	7	54	103
467	54	102	9
468	53	100	7
469	5	50	100
470	5	52	100
471	89	5	41
472	51	98	5
473	5	51	100
474	54	101	6
475	195	5	152
476	5	52	100
477	52	102	7
478	98	5	52
479	197	102	151
480	100	5	54
481	102	5	54
482	52	197	6
483	51	98	5
484	52	100	7
485	44	90	139
486	100	5	55
487	55	102	7
488	53	100	9
489	5	52	102
490	99	4	54
491	102	7	56
492	52	99	6
493	100	5	54
494	98	4	54
495	7	54	102
496	53	100	7
497	25	73	120
498	5	55	102
499	7	52	102
500	98	5	52
501	52	100	7
502	51	98	7
503	100	7	55
504	4	149	199
505	53	102	7
506	197	7	54
507	101	4	54
508	50	98	5
509	98	5	52
510	50	98	7
511	54	100	7
512	98	145	52
513	52	147	7
514	195	148	4
515	53	5	102
516	133	87	182
517	5	92	45
518	7	199	56
519	5	98	52
520	5	100	54
521	5	148	52
522	54	100	7
523	188	93	142
524	51	100	7
525	4	52	99
526	100	5	55
527	113	20	67
528	5	50	197
529	7	52	102
530	102	5	54
531	7	54	102
532	52	100	7
533	202	7	57
534	52	100	6
535	5	53	100
536	52	100	6
537	55	102	9
538	4	52	101
539	150	198	5
540	52	100	7
541	111	16	66
542	113	18	67
543	4	80	129
544	52	100	6
545	98	5	52
546	53	100	7
547	101	4	54
548	83	132	9
549	52	100	7
550	53	98	7
551	124	171	78
552	54	100	7
553	98	7	147
554	52	5	101
555	5	102	55
556	5	100	55
557	98	50	5
558	199	53	7
559	4	99	56
560	100	54	7
561	52	5	102
562	102	55	7
563	54	7	104
564	52	4	99
565	102	55	7
566	5	98	54
567	5	98	52
568	100	54	7
569	100	53	7
570	5	100	54
571	64	18	113
572	4	99	54
573	100	51	7
574	59	12	109
575	100	52	7
576	100	53	7
577	5	100	54
578	7	100	57
579	100	51	7
580	5	100	54
581	5	151	54
582	52	100	7
583	5	53	102
584	52	100	9
585	76	124	31
586	100	5	54
587	102	7	56
588	100	5	52
589	52	100	8
590	5	53	102
591	98	5	52
592	130	5	52
593	7	147	54
594	102	7	54
595	52	100	7
596	100	5	57
597	5	54	104
598	52	100	7
599	100	5	54
600	98	5	55
601	52	100	7
602	52	102	9
603	5	50	100
604	53	100	7
605	5	54	103
606	5	53	100
607	50	98	5
608	99	4	54
609	5	52	102
610	131	5	52
611	5	100	54
612	54	5	102
613	100	54	7
614	53	5	102
615	8	102	56
616	5	98	54
617	100	53	7
618	115	70	22
619	6	101	54
620	53	5	200
621	100	54	6
622	5	100	54
623	47	142	96
624	55	7	102
625	55	7	104
626	102	55	7
627	5	101	54
628	52	5	102
629	98	51	7
630	98	50	5
631	100	53	7
632	55	5	102
633	112	64	18
634	52	5	101
635	7	198	54
636	102	55	7
637	101	6	56
638	100	7	56
639	5	53	102
640	100	6	54
641	5	52	101
642	52	99	6
643	5	53	100
644	52	100	7
645	5	92	141
646	5	152	201
647	100	5	54
648	122	29	76
649	5	52	101
650	5	150	200
651	102	7	54
652	124	29	78
653	98	5	52
654	133	42	90
655	100	5	54
656	89	137	186
657	102	5	55
658	100	5	52
659	102	5	56
660	98	5	55
661	6	54	103
662	100	5	54
663	12	60	107
664	148	6	54
665	7	102	57
666	5	100	55
667	152	7	201
668	4	99	54
669	148	52	7
670	165	68	118
671	100	5	52
672	138	186	95
673	5	52	100
674	136	5	53
675	100	52	5
676	100	51	7
677	52	4	199
678	100	52	7
679	5	98	54
680	98	52	7
681	7	199	152
682	5	100	55
683	5	100	54
684	102	54	7
685	52	5	102
686	100	52	7
687	55	7	102
688	51	5	197
689	7	102	55
690	53	5	102
691	84	38	133
692	99	194	148
693	5	100	54
694	200	150	7
695	100	54	7
696	54	7	104
697	53	5	102
698	100	53	7
699	5	139	94
700	54	5	103
701	74	169	122
702	52	4	101
703	100	55	7
704	198	51	7
705	143	95	50
706	100	54	8
707	54	5	199
708	4	99	52
709	54	7	102
710	67	18	115
711	51	5	100
712	177	129	84
713	5	197	151
714	100	52	7
715	52	5	102
716	160	112	67
717	52	4	101
718	7	100	54
719	65	160	113
720	5	98	53
721	83	35	130
722	149	54	7
723	5	52	201
724	126	4	80
725	99	6	54
726	5	53	102
727	15	62	111
728	52	100	7
729	102	5	56
730	54	100	7
731	53	100	7
732	52	98	6
733	100	5	54
734	102	5	57
735	146	5	54
736	7	139	96
737	52	5	102
738	5	98	52
739	102	52	7
740	53	5	104
741	54	8	105
742	100	53	7
743	53	5	102
744	5	197	150
745	5	98	52
746	5	100	54
747	5	98	55
748	52	5	101
749	5	100	54
750	152	104	199
751	52	5	102
752	54	7	102
753	79	5	128
754	62	12	111
755	99	54	6
756	52	4	101
757	5	101	56
758	95	190	142
759	53	5	104
760	98	52	5
761	12	106	60
762	52	5	100
763	100	53	7
764	54	5	104
765	152	7	199
766	5	98	52
767	53	5	200
768	51	5	100
769	134	86	41
770	156	109	63
771	149	53	7
772	5	51	100
773	5	53	100
774	82	129	179
775	100	5	54
776	84	131	38
777	5	51	199
778	7	54	103
779	52	100	6
780	53	102	7
781	4	50	99
782	101	6	56
783	5	51	100
784	5	52	152
785	5	100	52
786	98	53	7
787	62	157	111
788	7	100	56
789	52	5	102
790	54	5	103
791	7	102	56
792	54	6	101
793	102	55	7
794	102	54	7
795	53	5	102
796	100	55	7
797	134	88	43
798	53	7	102
799	7	102	54
800	100	53	7
801	100	52	5
802	103	56	151
803	5	98	53
804	35	226	83
805	196	148	5
806	5	100	54
807	102	53	7
808	52	5	102
809	100	53	7
810	98	52	6
811	53	5	100
812	56	151	105
813	71	23	218
814	54	7	104
815	152	7	202
816	7	100	54
817	5	198	152
818	25	118	75
819	54	7	102
820	100	52	7
821	99	52	6
822	53	7	102
823	5	241	193
824	4	98	54
825	102	54	7
826	5	246	53
827	100	6	54
828	5	52	102
829	53	100	5
830	54	101	149
831	5	52	102
832	6	52	101
833	52	101	6
834	52	7	102
835	50	5	100
836	7	102	54
837	7	102	56
838	52	246	7
839	102	54	7
840	50	5	100
841	119	214	169
842	6	101	54
843	52	6	101
844	5	98	52
845	98	52	5
846	100	52	7
847	100	52	7
848	53	7	102
849	100	53	7
850	5	102	54
851	100	52	5
852	5	100	55
853	130	53	7
854	5	100	54
855	50	5	100
856	4	99	56
857	241	5	193
858	180	87	134
859	55	102	7
860	100	5	54
861	5	52	100
862	5	51	100
863	98	4	54
864	33	81	130
865	5	50	100
866	54	99	6
867	6	54	103
868	94	139	48
869	52	100	7
870	5	53	100
871	155	60	109
872	51	98	7
873	100	5	54
874	52	100	6
875	70	115	24
876	7	54	104
877	100	5	55
878	5	53	102
879	223	4	176
880	5	52	102
881	98	5	55
882	4	238	193
883	52	4	101
884	6	101	54
885	54	6	103
886	53	5	102
887	100	53	7
888	5	100	52
889	53	5	102
890	100	51	7
891	5	229	52
892	4	50	99
893	53	100	7
894	5	50	100
895	72	120	167
896	101	6	54
897	52	102	7
898	54	102	7
899	50	98	5
900	52	100	6
901	6	52	101
902	7	52	102
903	31	120	169
904	100	5	54
905	99	4	54
906	166	214	81
907	54	102	9
908	54	101	8
909	46	121	169
910	100	5	54
911	53	102	7
912	100	5	55
913	124	5	78
914	52	100	7
915	5	54	104
916	41	179	133
917	146	194	58
918	51	98	5
919	78	124	171
920	5	124	81
921	53	5	102
922	7	100	54
923	102	54	7
924	6	101	56
925	102	52	7
926	46	190	95
927	52	100	6
928	52	100	7
929	5	152	250
930	130	83	7
931	100	53	7
932	122	75	29
933	50	4	99
934	53	5	100
935	99	52	6
936	100	53	7
937	197	150	9
938	5	102	54
939	132	85	37
940	218	119	74
941	52	101	6
942	4	52	101
943	199	5	54
944	143	96	7
945	53	7	102
946	52	5	101
947	50	4	99
948	6	101	56
949	152	7	201
950	5	100	52
951	52	4	101
952	53	5	200
953	73	170	122
954	101	54	151
955	102	54	7
956	102	54	7
957	100	52	6
958	52	5	100
959	102	55	7
960	54	5	102
961	65	158	112
962	5	100	54
963	53	5	200
964	4	99	52
965	52	5	100
966	81	7	130
967	102	55	7
968	104	58	13
969	101	54	6
970	7	102	56
971	5	102	55
972	102	53	7
973	54	7	104
974	100	52	7
975	51	5	98
976	13	108	60
977	5	96	145
978	102	5	54
979	99	4	52
980	5	52	199
981	53	100	9
982	98	5	54
983	7	54	104
984	53	102	9
985	6	54	101
986	7	53	102
987	98	5	53
988	5	53	102
989	148	5	56
990	4	141	93
991	100	52	7
992	54	4	101
993	5	197	152
994	100	52	7
995	98	50	6
996	5	101	54
997	37	132	84
998	54	151	103
999	7	96	143
